92908.5
84518.6
97259.7
65216.9
60383.6
89520.6
89088.3
84391.1
66947.1
87144.1
98475.5
92739.7
91073.1
90824.8
63772.7
98278.8
61460.4
91538.5
86533.3
91129.6
92614.4
86557.3
96349.2
69050
89292
63838.2
74036.1
84938.8
90675.5
90957
89514
69967.1
60895.8
104981
89061.1
74332
86937
87945.5
88634.9
92165.6
82587.2
92709.7
96171
63269.8
98509.1
92071.3
76302
67981.1
98164.1
87120.6
79896.7
87532
85945.1
116362
67140.8
93063
90015
77426.9
87941.9
99247.5
62170.3
96058.9
78500.7
92039.9
89848.9
65924.9
92196.8
90328
64018.2
61966
88770.6
83572.2
82570.5
95782.6
89182
92479.8
74346.8
96186.8
86406.8
91656.5
98654
90689.7
95834.9
92895.2
70590.8
83054
107986
77507.8
90623.4
80212.9
87922.9
92633.4
97076
91217.8
93247.6
93515.6
92016.8
89450.4
86328.9
103979
85907.7
87845.5
86382.6
87619.6
63663.6
91424.6
84966.4
78323
93886.4
71726.5
83410.5
91493
94489.6
111695
67745.6
84876
90156.2
90412.8
71947.2
60254.1
94863.4
89819.9
60550.1
87821.8
89124.9
89982.9
87749.1
87501.8
98095.7
66324.3
92728.3
92615
97828.7
96817.7
66867.6
88352.6
92515.1
71678.2
92185.4
87955.3
91965.5
89061.9
110420
89671.1
62306.8
87428.7
86861.3
87675.3
87750.6
88790.7
71450.2
85788.1
94618.9
104191
81592.4
63867.7
90967.7
71521.1
93167.1
81588.5
93735.1
68240.3
86477.6
70842.5
91269.7
82641.9
61451.6
87128.8
88942.6
85123.6
92810.9
84279.2
63403.8
91961.5
115173
86572.9
98007.5
83516.3
86367.8
68111
72406.6
88981.4
91542.2
92354
91306.9
75199.4
92508.8
92830.1
73122.9
91974.1
88772.2
63535.2
102117
90158.7
67566
89945
76275.9
93878.1
73390.8
89365
92184.1
87185.1
88621.5
72223.5
88067
89607.1
88013.5
91918.1
82088
89875.3
92709.1
87992.1
87524.9
88939.5
79130
87771.6
92164.8
95244.2
94219.7
89425.3
92052
90835
86534.6
85388
86616.4
64435.2
79912.5
91208
105625
79197.6
103274
92307.8
85121.1
91881.2
100736
88632.7
101600
90715.9
83463.3
93929.7
100170
85999.6
91346.6
87461.8
80704
93957.1
94472.8
82851.2
87858.5
86336.1
69310
75037.9
88274.1
89866
84643.2
89363.5
91088.6
90214.4
88903.3
75355.7
92461
72178.4
88142.5
93577.2
91026.5
74484.6
90284.7
93266.9
89835.6
85735.5
80438.9
88623.1
73404.6
93212.3
84509.5
89331
69886
69112.1
95767.8
68912.8
65799.7
66592
119069
88694.7
84192.9
90523.5
72898.9
96238.8
88725
66422
90362.8
88224.5
110070
109023
92192.8
97560.7
83403.6
88091.8
74317.6
87691.5
91454.2
88103.9
99834.8
88884.1
84626.2
90847.8
90570.2
73284.5
81209.3
92543.8
90859
101910
91476.9
88969.3
92679.1
89818.2
89940.9
92726.7
88260.7
112438
96790
92015.8
70154
88807.9
92975.1
75534.7
82661.7
87713.4
78690.1
93906.7
88476.9
86617.7
103627
93251.9
60368.1
88190.5
77568.7
95008.7
94167.9
80653.7
91508.2
83542.6
93759.5
88196.1
66179.3
91980.5
71694.9
74917.4
96948.4
91418.8
75925.4
88862.2
98404.9
91506.9
90690.5
93166.9
90449.7
93261.6
60298.3
71985.8
89392.4
66800.5
92210.7
73853.2
94412.6
90436.1
87011.4
89091.3
65259.8
94748
71640.3
87148.3
69075.6
79320.2
65276.6
93501.3
94068.6
92317.5
92961.9
90882.1
92905.9
92231.1
64532.1
93038.3
91609.7
70327.9
104216
89711.5
108364
89354.1
67216.2
88121.7
89145.7
84570.6
84608.8
75009.4
83317
92212.9
88097.9
91805.5
66127.8
96226.7
75331
99559.8
89061.9
90970.8
91931
93216
90984.1
90820.7
90275
89895.5
88953.6
88703.6
80826.5
89008.7
89926.5
96202.5
89876.6
91063
93476.7
69642
95674.7
67281.4
69514.1
102518
86372.5
83178.5
62469.7
62379.8
89013.5
91610.7
60718.9
87590.3
90583.6
87762.8
63863.7
70539.7
105791
68247.8
87173.7
89567.9
90517.1
91956.9
92913.7
83919.7
83676.4
89738.1
101230
90910.6
108738
81725.7
91816.5
88448.2
96388.7
86329.5
62105.5
91188.6
86560.8
89621.6
102358
60792.1
91844
61973.7
92171.4
93296.4
103156
89759.5
90408.5
97399.6
89931.4
66161
91617.7
86915
90658.9
87066.6
94468.8
86107.8
108499
87359.2
93734.4
92703.4
103943
62615.4
87305
76693
93681.4
85706.8
83488.9
89722.2
93930.6
89712.7
89799.6
93698.5
94685.5
82332.2
85745.5
87478
93477.2
80704.5
111017
92720.7
60085.1
91833.5
88460
89560
90506.5
87735.6
62119.9
95268.1
92760.6
92393.3
116866
84303.5
93203.6
80241.2
94141.1
80225.4
90960.7
86414.7
82677.8
103308
87386
89681
69510
87490.6
70751.1
93752.7
91264.7
89476.3
84816.3
82350.4
96374.3
92697.2
64880.8
86200.5
94143.3
91365.3
90596.5
79444.7
89210.1
89062.7
98739
78065
84319.6
94599.4
90156.8
91833.3
67509.4
90364.6
86844.2
82437.8
63346.2
91319.9
90458.8
68323.5
113006
94007.2
85796.8
90553.3
93513.1
84207.5
66490
90962.1
86564.9
86864
92333.4
106717
79351.1
93549
90414.7
60370.5
88889
90613.4
79627.6
96542.8
93003.5
97999.9
87223.7
85921.4
88466.1
88145.4
89482
93114.3
91482.5
80104.5
60317.9
88545.6
83180.8
88372.8
89378.6
90816.9
101130
92015.3
94751.2
90941.4
91719.7
88682.9
86860.2
94754.4
60466
93278.3
79900.3
68595.9
87624.7
83941.9
97266.6
88397.4
89307.9
93913.2
91501.4
90932.2
91604
90246.9
73313.9
70645.5
89532.9
86213.6
86452.1
84452.4
92926.9
96285.7
73950.4
82554.5
93316.7
85782.3
90338
95345.6
87816.4
81560.8
100883
90931.1
76459.2
85420
92001.2
64138
77984.1
93220
70064.5
89278.8
86791.9
90009.8
91745.8
89376.8
114080
92001.7
77490.8
66716.9
88944
91126.5
64763.5
83911.4
88098.9
93347.5
89295.7
92006.9
94708
92722.9
94921.4
91518.2
90570.7
87912.3
91562.1
100667
99247.3
84640.4
95240.8
94338.9
93978
91824.5
71286.4
108523
105671
90858.5
77258.6
91485.6
84663.4
65919.2
98326.6
86971.7
106153
89657.1
65797.6
71534
81760.6
76796.4
86477.2
91512.7
88659.5
94597.7
83432.2
89735.7
101345
84548.8
75677.4
90476.6
90469.9
86180
93019.3
66710.6
90230
81976.5
61642.5
90117.6
91231.4
91906.9
87371.4
93949
92214.9
91737.9
94667.9
98437.1
92943
87938.2
88855.4
91303.8
92792.3
91429
90868.3
88921.8
92829.7
86704.3
69930.8
70218.5
101898
89469
73393.9
88938.1
65159.7
92031.3
91116
87134.7
94873.9
64383.5
94992.3
94572.6
89749
83837.3
80649.6
91703.9
88980.5
86485
91310.4
61210.9
60277.7
104679
89606.2
88422.1
86345.7
66702.2
90853.8
89891.1
96335.9
92123.3
94922.6
84696.2
94198.7
97614.6
94815
91784.9
86999.1
73427.8
90344.5
98698.4
65465.9
89649
85593.7
91013.5
73672.3
73876.4
82424.9
87856.1
88885.3
93345.4
88603.3
100271
96385.2
87691.2
91591.5
92144.3
88272.8
99415.4
87514
82645
90850.4
62038.9
93903
66601.5
99786.9
79880.1
88358.3
91705.8
92066
88953.5
90917.1
92744
67398.3
87764.2
94350.6
91341
80381.3
73440.8
95682.3
63871.2
110291
93408.1
63008.8
92465.7
93271
93001.9
88407.3
91000.8
62649.1
91235.2
87653.2
81207.9
90684.5
85024.8
87969.6
89808.9
83958.5
69691.2
101517
90690.7
86129.2
77889.7
90691
91701.2
88567.7
89728.1
92419.8
92462.8
84200.7
61795.6
96959.5
88741
90664.6
69407.9
92807.9
93329.2
90573.7
89550.1
64652.8
95849.5
96491.4
88688.2
87110.6
88994.9
89688.6
90795.4
92370.7
97457.4
95913.6
89152.5
96124.1
61715
93856.4
98047.5
77788.9
70181.3
91748.9
87825.5
93296
60621.2
90316.9
87835.6
89530.2
86836.9
99779.9
91184.7
93346.8
91986.7
88549.6
89930.7
64442.1
91547.1
65010
60545.2
86645.2
86313.7
92080.9
87675.5
93038.6
83396.6
93450.2
87212.3
80441.1
89703.6
101749
61461.7
109472
86263.5
84432.3
90272.3
92823.6
89093
65664.7
92104.6
75490.2
89502.9
90219.4
87622.6
69571.3
80667.1
82232.1
88981.5
87779
92394.5
74941.8
89829.7
84799.8
81370.2
93602.4
103650
90035.6
89940.4
90215.7
91386.2
60976.4
93580.3
61364.5
92701.3
91785.7
88016.9
89020.4
83266.6
90250.5
93405.9
89317.3
93472.3
74022.3
94608
93009.2
94949
60466
90420.3
91015.5
90193.6
87446.5
75256.5
72061
61443.9
69943.6
62349.2
74084.3
61107.9
85263.7
60850.9
68268
90743.1
79223.4
77159.9
93382.7
60150
91247.5
90392.2
97118
94019.4
91395.7
89972.7
89582
88771.5
91227.6
91580.4
75696.6
88365.7
67376.1
93603.3
87215.6
96322.1
92862.9
94470
77509.2
86339.9
94317.1
93944.4
76398.9
67572.8
92389.5
66285.3
88804
61283
86013.2
99791
78620.6
82992.7
92635.4
89897.3
92080.9
82235.7
78581.2
90696.6
94984.3
91683
90902.2
95475.3
92301.8
90265.8
88328.1
88348.3
74531.9
82842.7
93816.3
94320.5
72764
89537.9
87058.3
74572.6
71350.9
97355.9
87828.5
85104.1
70950.2
86364.9
77292.5
93164.8
83449
64866.7
86960.4
88205
93426.7
91589.7
65073.2
89910.9
89757
66370.6
89373.9
65251.9
90851.6
69023.6
85543.6
85092.3
94770.1
92642.9
94726.7
95825.7
89638.5
69850.4
92105.7
60464.3
85731.2
61407
110923
79308.4
89746.5
62222.4
81175
65914.6
94087.1
81685
90867.3
119314
89866.5
88712.8
93392.5
91959.4
92624.7
86212.9
88692.2
88784.5
96792.3
91943.6
88923.5
99870.9
87211.8
95407.6
91831.6
97798.9
63447.5
68824.4
88601
93145.5
64978.2
69491
89611.5
90798.5
89143.4
88011.1
83453.7
89014.7
71313.6
94617.6
90176.8
90319.2
81588.8
86114.8
91002.7
88397.4
78179.9
66716.8
92898.7
87136.5
97450.1
89932.9
85629.9
93432.2
88460.9
95232.3
91458.4
91474.7
86204.7
77414.6
79848.5
88046.1
85236
92050.6
90740
75915.5
81533.1
91326.6
85991.3
75674.8
72723.4
96164.9
95296
90435.8
90418.8
96705.4
96342.4
92223.8
60689
84561.2
85735.6
77003.8
98471.2
80307.8
86341
83268.7
90246.2
94140.7
86516.8
86302.5
88667.7
93618.8
89339.7
86878.2
86502.6
92257.8
66736.9
81667.9
88197.8
92322.6
90535.9
90908.3
92315.1
90415.4
92564.5
77279.4
91986.7
84946.3
91723.4
89298.1
90209.5
91037.8
71160.6
61788.1
98409.1
94720.8
89247.8
60205
93214
80639.5
89973.6
90295.5
92147.4
88308.3
105738
90661.8
93327.6
76145.8
88810.6
72812.1
91387.6
91533.8
96234.3
94993
91070
91776
91445.4
94266.5
91026.6
96246.2
91940.4
91395.8
86133.5
94712
100482
90303.9
74237
100822
92220.1
90681.5
91544.8
91266.8
92122.4
62733.4
85685.7
88714.4
94635.3
91998.1
88108.4
92206.8
88527.2
87751.3
71789.6
68274.6
77318.9
90894.9
81608
86983.4
92414.4
77675.8
87639.1
93454.7
96531.3
88172.7
87909.8
89408
92757.7
93648.6
62312.5
84041.5
92655
91959.8
80403.1
65947.3
92498.5
98645.7
108431
87829.8
95191.1
89983.5
95224.9
92948.8
91626.9
94550.8
86756.4
95436.4
90199.2
90008.7
89418.4
92729.3
89556.2
88796.3
98947.5
95012.1
83938.8
89742.5
76770.9
87267.2
86233.7
96386.3
92801.9
89163.4
93825.7
93225.7
78977.6
72477.1
89166.2
90268.6
75894.2
97752.1
84975
89569.7
89158.5
91761
112060
92490
92099.4
90247
86747.1
92801
88637
85149.6
89284.1
82945.2
71114.9
92295.7
90632.1
88970.5
93750
83017
71869.3
93821
93957
61048.8
83957
66377.7
89379
94956.3
91067.4
84165.3
88166.5
91806.3
71286.9
90081.4
77918.5
89504.7
62184.4
90036.8
75454.9
90777.4
85249.7
93437.3
71057.8
87726.1
91369.3
76798.5
94270.9
93406.5
64842.6
71929.3
88901.4
62618.4
88836.1
89868.8
85653.9
87617.9
69230.6
90152.9
96774.8
79080.4
89580
85460.7
77352.3
91147.6
90400.9
96935
92861.4
96354.4
82459.4
98159.4
113646
90107.4
88554.1
82488.7
96280.8
65939.2
92999.5
87822.2
92498.1
86520.6
113988
91771.8
66296.4
72898.1
93314.8
97070.5
85862.8
83272
88540.2
86293.7
95344.2
96000.1
94773.4
87863.5
69116.8
87909.1
83473.1
92228.4
62634.1
66422.1
64756.6
90507.5
112924
86463.5
77174.9
64823.5
91510.3
67431.3
97960.7
92312.4
94058.3
103826
95311
93777.5
89212.2
89336.2
91057
89473.4
94180.7
91009.1
91077.2
82542.7
80779.5
86578.1
91615.9
89059.5
66572.1
90514.4
93409.2
89538.1
94933
86313.6
86765.8
88619.8
91824.9
90772.3
89141.9
92533.3
88895.6
84217.8
91682.3
96119.2
82796.3
91048
90559.3
95054.8
71122.1
92128.9
92080.3
90817.8
90280.7
86248.7
95751.5
88948
94270.6
94066
87657.9
92195.8
90076.4
88177
83214.9
104727
82476.6
91207.5
81315.3
102120
85067.2
88714.5
94040.6
93574.9
90820.8
86279.9
64411.8
92211.2
86843.8
90348.8
63110.5
88468.6
87883
90541.8
91792.6
66488.5
88624.5
60275.8
89422.2
87784.2
72202.2
92139.3
96957.4
78947.1
94239.9
91228.4
94311.7
89141.1
96584.4
86573.7
89072.8
92056.8
63199.4
89957.7
90171.1
89998.1
89165.2
62483.4
64947.5
86435.9
94750.5
82249.6
85239.6
89463.3
61893.2
88672
90073.7
89034.1
100052
93370.9
92893.9
90234.6
89193.7
66424.5
87739.6
84623.2
93169
71876.6
71702
89380
89483.8
69415.8
81192.7
88791.5
93448
89997.9
86368.5
96314
88966.5
88658
90455.6
71747.7
91689.1
81166.5
75647.5
93926.3
93915.1
89448.3
88320.1
91151.2
89064.8
86272.7
64345.4
66741.7
93855.9
88921.9
89551.2
90758.5
78806.3
89165.9
91447.6
93309.3
93335.3
93213.9
92006
86979.9
98046.8
69215.4
74044.9
71708.3
85401.1
90363.2
90419.3
89440.6
93667.1
91727.9
90518.8
67185.8
92560.7
108669
87508.4
93752.6
96540.7
92962
93992
62955.5
105554
92168.6
82779.5
87124.1
87526.8
92514.5
86872
92779
105569
92087.5
92328
93129.6
85988
87552.9
70248.6
93754.1
93122.8
92598.9
69115.3
88087.9
87765.3
91517.2
67792.9
68797.8
93967.8
92187
87332
67638.5
96137.4
91306.3
90954.5
91860.6
89763.8
91950.8
92380.9
82636.3
103450
92398.5
90236.9
60678.5
82249.5
67842.2
70998.1
88495.8
91343.6
92730.4
91244
91885.5
61427.3
93992.7
91148
91049.7
63160.8
83911.9
63207.3
89450.9
90069.1
91060.3
92728.6
91807.3
80915.9
89709.2
62387.1
88578.6
61128.3
91178.3
93311.3
68767.7
90551.2
90455.3
90926.9
88615.3
103093
75795.7
86429.7
103419
90318.6
90214.3
85057.9
79160.3
76096.5
86079.2
74860.6
88912
110942
93645.3
90519.3
92386.7
86707.9
94618.4
86505.7
85802.8
90467.3
92734
90699.1
93267
85221.8
110636
88691.1
92419.4
86564.2
98634.4
73488.6
80174.7
67992.7
95017.1
90365
83420.7
68874.6
90430.6
80232.5
86242.1
86461.6
91204.1
92178.1
73122.7
89758
87633.5
93260.4
88338.4
90980.8
63994.1
89825.5
112538
91958.7
90480.6
93431.2
91512.9
89897.8
87188.9
66703
89634.6
87838
92723.5
89733.3
95246.3
89767.9
80139.9
99642.2
76774
96056.7
92708.7
80050
64637
88972.1
92274.9
73458.1
97129.2
64379.8
63218.8
94261.7
91166.8
89837.8
88089.2
87829.5
87257.1
88748.1
87076.8
91559
115233
86909
79726.9
65435.9
87426.3
85810.9
68932.6
62961.2
88967
95215.4
91980.7
77518.9
69844.9
72904.7
86019.2
89334.5
77926.5
90903.4
91946.6
96741.5
60917.9
74547.1
94190.7
90716.8
89196.6
78672.4
87983.1
93508.6
89370
90793.7
93332.3
90902.1
90854.5
101801
89416.5
84301.4
90904.6
90296.5
91444.4
87720.6
101216
72631.8
97493.5
88984
95861.6
94679.1
66639.6
87816.4
81091
63293.5
84633.7
105975
90275.4
88637.4
87404.1
66717.7
88437.5
93451.7
90040.9
94947.1
72528.9
84449.7
65681.9
87202
92062.3
111162
75358.2
89916
63198
91982.9
118326
92913.8
84799.9
86696.4
92925.2
89165.3
67627.4
91175
93061.5
96679.2
93497.8
93459.2
90309
86902.3
90614.1
88194
65608.5
84449.6
93319.1
89052.7
96675.7
91524.6
83632.9
91719.5
89895.6
92974.2
70546
81548.2
83968.8
107630
69814.5
61717.7
92013.7
92147
91480.7
90114.7
90877
90240.2
64388.2
76279.2
90435
94575.7
91737
89466.8
89459.1
106367
93215
97432.2
87586.8
89953.5
89446.3
83486.2
63667.8
92687.6
62839.1
93986.4
96045.9
86685.6
89005.3
89695.6
89101.2
93644.7
89056.4
79508.7
60966
90263.8
89314.4
90983.1
90787.9
91993.2
99351.9
91599.7
80103.1
93875.4
91285.7
90688.6
62431.9
89554.1
89287.1
89268.6
88616.9
89375
99237.5
93828.2
91030.6
90031.9
89907.8
87041.3
96509.9
63835.5
85414.9
88768.2
89841.7
90712.1
61656.7
62744.6
94072.5
85870.9
93388.4
93247
97430.2
89281
86062.4
90548.5
94948.2
89763.8
83708.8
89901.6
92390.7
85519.5
90346.4
84056.4
66195.4
88927
92436.4
91443.1
81345.8
92516.4
90043.6
87939.1
94409.8
83316.6
94276.8
85424.2
89582.5
89156.8
87966.1
91166
89566.1
72329.3
88731.4
114521
78801.8
90082.8
93560.9
90700.3
64439.2
89171.5
94451.2
91656.4
94287.3
60323.7
85433.1
90549.3
92566.2
89914.5
90349
91099.5
89856.8
90193.1
92031.9
74964.1
91532.7
90596.1
81812.3
90922.1
76975.9
96772
76523
88041.3
93275.4
90507.3
91956.9
78903.4
83441.2
95711.3
63099.5
92342.4
87855
73330.1
84064.7
81305.2
86979.5
76032.7
73627.4
63482.2
92659.4
63538
91015.6
91365.5
92547.5
84257.7
96192.1
92612
81262.1
91561.6
89548.6
93847.6
104487
90936.4
92884.4
81136.5
86076.5
87748.8
86717.9
87896.4
99456.8
85065
87814.5
86247.8
64178.6
82234.7
87347.2
83546.3
97156.4
92899.8
83509.3
76782.1
90230.4
86476.5
90371.8
71251.7
89578.3
89360.2
91002.9
92654.3
90033.2
90804.9
82600.8
89161.9
71535.9
91808.3
90739.3
60199.3
92066.3
88224.2
69110.9
105128
92838.7
63014
92678.6
95089
104876
84445.7
79920.2
91151.2
90554.4
83877
93764.7
103058
88446.1
61745.3
93829.1
93785.6
92889
92094.7
95335.5
89882.1
98868.4
92452.9
95619.9
94599.7
93302.1
88243
90787.6
110056
92972.2
88936.3
95105
86104.5
92603.2
84977
84937
95945.8
88358.3
87715.9
88713.4
61612.6
61434
82471.6
90089.7
74727
90834.2
92512.4
92511.1
77618.4
83159
92078.8
83997.5
90421.7
84599.8
74658.8
62915.9
63809.1
89158
87452.9
90245.2
94705.8
86909.7
63561.1
99687.2
104731
89503.6
87865.8
87033.6
60951.9
91960
74865.2
94919.8
83245.1
87563.6
98915.6
98218.2
92379.1
93984.7
87538.6
71606.4
89276.4
92531.1
92734.4
83733.5
89038.2
89571.2
87002.9
89856.3
86386.4
91844.6
93634
100816
92415.5
93781.2
89649.5
86936.8
85837.6
60934.2
93764.5
91304.4
89702.7
73664.5
87968.2
92466.5
84172.6
91544.1
90868.2
90060.3
86782.3
94284.1
66214
92629.4
91161.9
90158.6
93817
91972.2
88219.7
69104.7
89851.8
86845.5
89843
73527.9
96279.5
86874.1
93857.6
88451.2
95487.7
86333.1
68230.7
94563.1
70207.8
119294
91511.9
91338.8
60948.3
91505
88970.4
92047.2
90991.5
105290
69419.2
72188.8
91915.9
72969
85819.9
61588.2
98573.3
62478.3
99845.3
90423.6
88382.6
89162.8
92278.4
86712.9
76074.3
90214.6
90830.7
66704.4
89313.9
90926.9
90001
60167.6
93551.7
64141.7
92506.5
99152.7
92642.6
91871.1
95421
76738
75499.3
88786.2
89659.6
81412.3
72028.2
78096.2
81258.4
63977.3
86977.2
93552.2
92601.5
89510.7
89155.5
73106.1
69860.1
91672.5
78093.1
91140
92591.1
97323.7
90034.2
93561.9
92814.3
89597.5
90398.7
92838
61666.5
87487
91082.2
96495.6
92011.2
87106.7
88327.9
93146.4
91818.2
86199.4
95407.2
89003.1
95170.6
63438.1
89434.9
90769.5
108781
94482.8
62504.7
64727.8
77793.5
60458.4
105231
83567
67653.4
89838.9
95377.5
92046.7
88600
77230.4
81151.5
86626.3
65142.9
113504
92512.8
88361.8
88711.1
91755.4
88969.7
89480.7
92618.8
67264.9
76654.2
74085.6
69638.1
92028.9
91396.7
72416.3
106643
93956.2
103638
88843.5
77558.8
81479.9
96085.3
80308.3
104856
84382.1
62625
88342.7
90466.3
100984
83442.2
90315.5
85901.5
92152.6
92244.3
62440.2
93047.3
87938.9
80742.7
74505.6
84116.7
63490.3
73969.4
85472.5
91120.3
90927.7
92770.1
89822.4
92777.4
90178.9
85691.8
78723.4
91831.6
91915.3
89735.7
92841.7
91575.1
61007.6
79088.8
87577.6
77551.7
84587.1
103320
87808.9
68552.3
80154.6
93518.8
89837
86838.1
90327
64777.4
94135.7
91700.2
90113
86713.9
62240.2
90376.6
74261.4
61858.9
95242.2
91199.2
63699
89720.7
99777.5
90211.7
74010.6
104854
85883.1
96086.1
112890
89800.6
91866.5
104441
90100.2
89161.7
87865
93245
104482
106947
93645.8
94072
99978.7
89978.9
92290.1
92211.9
88547.2
92908.8
73333.9
80133.7
90856.8
89712.4
71545.9
103428
62786.2
78763.4
98953.5
112354
72423.8
94894
75871.1
60541.3
91257.5
89961.6
68798.3
92472.5
71039.7
68363.7
88082.4
89490.9
84482.5
91872.2
92897.5
91973.3
91167.5
78050.9
90215.5
63443.8
87596.9
92187.9
91031
90524.9
91602.2
88805.8
90813
93135.7
81915.4
85695.8
92553.5
66756.2
77196.3
89851.1
91671.6
78721.7
88054.6
89887.8
87665.4
91047.4
88710.6
92626.5
73943.5
89749.9
86048.1
68119.2
90434.2
74121.7
67101.7
90238.6
90086.6
88214.9
89931.3
63226.5
85467
88007.5
89885.8
92627.2
87076.6
83984.3
105064
94009.6
85803.3
89274.3
91892.5
92585.7
96655.3
96851.7
89854.9
91660.5
95891.7
98442.2
91462.5
93884.5
94772.3
90545.1
90453.9
85313.3
84765.6
77898.1
99081
94857.6
61296.7
93170.2
90852.1
65804.9
88792.1
89228.1
91519.9
92297.4
80058
92379.4
99943.4
87743
96476.5
91463.6
91202.9
85741.8
93932.9
92459.6
86074.6
68835
65931.8
93048.3
97300
66510.2
88382.6
94826.1
62582.1
80228.5
90471.4
70339.2
90193.7
88393.2
64318.6
68477
89940.2
91337.8
86060.3
92181.7
71590.8
84679.1
91114.9
92642.6
72484
94470.1
91700.7
90609.1
63073.9
91398.9
92396.4
91728.1
72473.7
91723.7
92477.3
76653.6
61401.9
89328.6
72184.1
93474.3
80213.2
91175.1
86998.8
62331.4
88667.8
90985.9
91770
73934.3
116786
89856.4
91182.5
87764.3
86146.6
94341.9
94764.6
91810.8
90114.3
90550.9
82438.5
86947.2
98100.5
110176
96300.9
76179.9
91389.9
92265.6
92023.2
90605.3
91227.7
88640.9
84600.8
85304.4
82782.7
63191.3
85589.2
83982.3
80045.5
64838.7
67333.1
83830
91401.5
91395.5
86601.3
92256.3
89753.5
69897
92497.2
89685.1
93188.3
86414.1
90868.5
63526.4
75748.6
87680.6
87855.7
92345.9
113703
87277.7
76826.2
92041.2
91883
71381.5
96777
86272.7
92440.8
76804.1
92888.5
87933.5
90392.9
91258.4
74136.7
82477.2
60896.2
96389.4
92441.3
61323.3
93269.9
61069.5
69376.2
78389.7
62684.5
69346.9
67687.9
87214.5
94240.9
64254.7
97550.9
101213
66223.6
89626.3
69587.3
84986.6
91884
91643.5
61954.6
67591.2
91948.1
92186
88727.5
89026.6
111298
91108.9
90660.8
91909.5
75769.4
94405.3
89104.4
88275
95080.6
91088.1
95056.7
88712
71806.5
95258
93157.5
92601.4
89575.4
93136.8
68967.3
88028.6
92155.6
82493.9
75278.1
87892
91808.5
93180.2
95904.1
85158.7
88944.5
90004.8
74061.1
93938.3
87826.3
80938.9
89387.8
91515.3
84530
93274.7
102553
96203.8
94126.4
89744.9
82241.7
94735.5
88756.5
62119.6
94116.4
87434
104543
99405.1
90440.4
75303.6
77017.6
86307.6
90704.7
88366.1
93330.1
115463
64613.7
92179.7
114908
88075.8
85257.7
92542.2
60017.8
89575.5
92190.9
89624.3
96783.7
80202
91414.9
94205.9
73281.2
91818.9
63161.7
91848.2
93041.9
90979.1
92421.2
92259.5
83876.8
90145.8
88417.1
94221.9
94118.2
92745.3
91167.1
74993.2
87871
91920
97417.5
105370
93376.4
92221.7
89606.7
73225
62761.2
87304.2
89131.6
92278.8
94759.6
91237
60156.9
91220.4
90501.6
89888.8
101667
70682.4
93310
88425.6
83604.1
90447.8
74723.2
105399
89737.4
83017.6
85627.5
107305
62640.7
90274
60276.8
99056.1
97525.4
74931.7
82271.1
85521.3
91236.7
91456.2
80096.7
78732.6
67030.1
86551.1
88305.8
84569.1
69736.8
91427.7
91600.4
108155
92497.1
91541
90199
93501.8
100535
88308.7
69051.5
86515.5
96092.3
86340.6
65947
92753.2
80414.8
78722.7
92067.1
89872.9
101978
93653
83736.2
91987.9
111056
97980.7
94215.6
93054.3
93435.1
90988
87675.3
89162.3
89907.3
86455.4
88812.8
91946.2
95023.2
75109.1
91508.1
84126.9
118800
87586.5
90578
74606.2
92153
90315.2
90094.5
85558
60785
84951.2
90682.6
60163.7
60673.3
90053.7
90906.8
90273.4
93379
95981.3
90618.9
70323.7
118871
74410.7
78659.9
71344.4
93857.7
70019.3
78364.4
86174.7
89176.7
60477.6
82816
65224.9
89805.7
78958.2
96094.1
78257
100331
92905.7
93146.8
61403.7
90961.9
91001.6
91956.1
89933.9
88572.2
89469.9
91362.1
91652
95817.8
60358.5
90840
87905.9
78509.6
97528.4
112128
76728.4
66672.6
114840
88974
93489.2
90976.5
88806.1
74548.1
91310
83545.9
85123
89231.8
81956.7
88771
60012.3
86612.3
101275
80383.7
90762
88236.4
87287.8
71268.6
89414.3
91852.5
62130.5
94554.6
92861.2
117568
90117.9
93250.1
87758.7
96726.1
93090.3
86571.9
88748
91317.5
83845.3
91632.9
90453.6
86348.1
80078.4
90799.7
65533.6
89597
88642.1
84843.2
85541.8
94063.7
88326.4
88794.2
89655.5
90404.7
86216
91373.8
76400.7
61745.6
91633.7
62003.7
92749
86374
91081
89992
84528.6
94419.9
93572.2
92516.4
89630.9
73220.7
91805.9
93703.4
60766.3
100157
91627.9
81534.4
89958.2
91298.7
88148.4
60992.9
96391.7
67381.1
69299.8
92281.5
91818.2
92137.1
92125.5
78502.2
63969.4
89500.3
89530.2
88003.9
90576.6
81034.6
91368.4
92587.6
75972.9
91201.6
94759.6
87143.5
73653.4
95383.2
87654.6
101566
72379.9
88552.2
82387.9
97205
96849
93877.9
118713
89202.2
88009
91741.9
89797
85168.6
94153.3
91971.2
92393
90364.4
100328
91521.5
72505.9
75287.4
88502.1
90751.6
92646.7
88664
87335.8
89284.8
92723.6
77073
98420.5
98659.2
86098.1
65206.7
87490.6
64916.9
91842.7
91000.5
93438.1
83608.4
84272.3
91480.2
85779.4
79026.1
93214.8
92442.6
91330.9
93581.5
76652.8
95515.6
85242.3
88526.1
88959.8
84554.7
90458.8
91859.3
90504.8
87586.5
87970.7
88269
91372.5
101012
92214.1
92863.8
85122
94617
67796.6
93179.1
91728.5
91431.1
91373.1
85718.9
68865.9
86178.8
100054
60823.9
94834.4
88915.8
89341.2
91745.3
86119.9
81956.1
77716.5
84586
90885
87971.6
84200.5
96451.6
66415.8
89914.4
87210.8
73698.6
84000.2
84825.2
89051
65189.2
76353
88155.9
90040.2
60385.8
83817.4
84295.8
90945.1
89911
95077.5
90904.5
92091.3
61412.2
90908.3
90113.7
92560.7
73393.4
71199.3
88189.2
88135.1
88940
81850
67902.3
83882.1
81866.9
108657
73205.8
72951.6
93313.3
60160.1
92990.9
99001.8
82874.6
89985.3
115320
92882.8
66111.8
61289.5
91180.4
66224.5
114582
90027.2
66340.5
87384.1
94347.3
87741.8
68041.2
89441.5
85200
93048.6
92115.2
89570.5
96853.4
89596.9
95838.5
89693.9
93057
91449.1
89272.2
102434
86494.7
85254.9
88894
92200.9
70082.6
72442.1
93641.5
81078.6
85952
90057.4
82986
92020.4
111518
91840.2
89280.3
79903.7
90074
91232.2
80830.2
92609.6
101181
91572
91473.6
93577
91518.9
94643.2
119089
88760.1
87674.3
87308.6
90942.1
88864.5
82583.7
91486.9
89310.9
104948
87701.5
93112.6
99487.6
87165.3
86761.3
90363.5
90272.8
92513.3
74035.6
101291
60914.1
82564.2
70023
90339.3
88518.5
88320
110875
90932.6
71246.2
89555.7
91651.4
76252.1
90825.6
100203
105316
89275.6
89838.3
84554
90602.9
90427.8
91472.3
91435
96551.6
86626.3
80990
89131
89897.4
86532.9
90495.9
92274.5
91114
88918.5
83897.2
88038.6
90994.9
92513.9
60630
78763.4
81571
92432.3
95636.6
90246.3
77735.5
96805.9
82908
114524
71587.5
74681.8
115827
88762.6
87316.8
91409.6
80779.1
69113.1
89799.9
65594.8
83005.6
82959.4
90927.3
89516.5
91132.5
85026.8
92143.9
87737.3
108611
86531.2
89119.9
75212.7
88547.6
90370.7
89233.2
91345.9
87251.1
84991.7
63554.9
82791.4
90475.8
90541.6
85138.1
88426.7
92498
64670.7
91570.4
91369.6
91886.2
68996.8
61985.3
94141.6
80644.1
92069.1
92757.4
82739
86812.5
91050
116120
89736.1
92712.9
73249.5
64101.6
87400.4
90284.7
89477.4
89255.1
90309.9
94069
87904
92075.1
91283
89767.4
76740.7
93914.9
93518.6
69196.8
94775.2
117179
89516.5
95016.2
92729.5
89393
89854
90106.5
94522.4
93439.6
88454.1
89046.7
89727.4
93158.8
74997.7
80824.5
93616.5
70896.8
87630.4
86261
74903.2
90220.5
102245
90026.2
87816.8
78475.1
92944.9
98900.7
113773
86576.8
83266.3
97038.2
94552
91611
87127.4
81894.7
91866.5
101855
87601
88527
90320.6
92197.4
82503.8
72127.3
95967.6
91669.2
101044
67263.5
93573.6
88121.9
116003
90827.4
88486.6
83110.7
78918.8
62556.1
89752.3
79032.2
92876
91224.6
85369.8
95099
91746.3
83106.4
90958.2
92222.8
91938.9
90427.2
88734.3
91583.6
89709.2
85756.6
79504.9
88089.5
93260.9
73456.6
76124.4
89800.7
66608.9
83023.7
94875.1
87662
85459.6
86637
90191.8
90298.2
88975.1
85740.5
107203
84320.9
103632
91554.6
76228.5
93767.6
65245.3
92544.8
92630.8
72104.1
86025.4
67781.5
93768.8
89248.6
82518.4
78619.2
88568.6
92161.3
91241.8
91872
102427
88233.5
98244
86425
81750.5
64264.4
84865.1
93852.1
109347
87802.4
98958.9
107682
92633.5
71182.4
90608.5
94434.5
91336.3
88624.4
89591.7
89890.6
109155
88129.8
95505
92518.2
80941.5
89358.7
63463.2
91561
93078.8
86315.6
93705.3
98991.7
67461.8
91219.2
60093.7
76452.2
78403.3
83098.2
88880.6
101621
92049.8
90424
91080.3
105899
93887
90332.9
90766.9
88339.2
91867.7
95355.5
105852
62348.8
87767
77041.1
89466.5
68066.4
84169.2
92811.1
92545.6
91955
61598.7
90566.3
88060.4
60737
87951.5
113891
91434.3
91652.5
85723.3
94388.2
66753.8
85569.2
92469.8
61765
92336.9
76244.6
82083.3
91134.3
77042.7
64252.7
87410.3
89238.9
75452.5
89485.9
92698
90733.6
72868.1
91442.9
82120.5
92746.6
91319.5
92448.6
88943.9
98378.3
100308
91541.3
69522.7
63758.7
86203.1
88455.3
85188.1
93210.4
93422.8
106381
90084.3
82627.2
87865.7
99438.1
113474
65344.9
107549
87952.6
99656.1
90539
88824.6
88849.6
88510.5
94819.9
85698.5
81092.3
89144.6
92122
66397.2
89709.1
90067.1
88574.2
87810.7
87093.6
91923.9
73217.2
89311.1
94072.2
97841.2
82590.5
92063.6
92980.9
92825
90229.8
91237.7
88611.8
80626.2
91567.3
86027.8
89191.8
90269.7
91716.9
96888.4
92284.1
94645.9
91119.7
96554.7
92787
61034.7
63129.2
90053.4
76713.3
75850.5
89622.1
98291.1
92634.6
93441.3
83719.4
88615.6
87096.9
90917.4
92805
115735
89439.8
72200.6
87277.1
95365.1
91796.9
73378.9
91388.4
73516.4
90936.4
89017.7
93851.5
93386.9
88096.5
92135.3
67927.3
77452.2
90839.4
82284.9
82978.8
85548.5
71393.9
84627.2
100807
75282.1
91762.8
83241
89232.3
64440.3
87218.8
91742.1
64787.9
89149.3
65522.4
93709.2
89165.1
88092.2
92030.5
90269.7
93065.6
88985.9
92885.7
60045.8
88094
63798.4
82479.7
91396.1
91001.5
89692
98982.3
93641.5
98138.1
89490.9
89828.3
93251.4
88842.9
90164.9
88233.4
90936.8
96443.6
102649
92162.7
88975.9
103284
69284.7
94338.8
88624.9
86659
84928.4
89594.9
110003
62937.8
90034.3
98414.3
92126.7
98284.1
88606.7
92475.4
89428.9
85862.6
80644.2
64916.9
91587
92530
71039.7
89963
94194.4
90986.1
93824
93084.6
85692.4
83523.5
89383.2
90359.7
102235
90071.9
61784.3
86829.2
67362.1
91760.4
90853.9
98123.4
105092
88536.5
80266.3
82916.5
83654
90317.6
92317.6
89063.2
70977.2
83876.8
86945.2
87060.1
90336.1
81069.8
96771.8
92205
63823.8
88294.5
76230.4
90369.9
93966.6
82575.8
102977
67677.9
103443
100253
69510.3
88911.2
105507
89610.2
92808.2
92614.5
91233
92926.6
93203.5
85411.4
95816.3
89408.7
94407.2
94187.1
89571.9
90254.2
87850.9
76057.5
83937.5
91119.8
107568
78578
91714.2
90416.8
93294.2
81124.6
103309
91279.3
98569.5
89788
92911.9
67305.9
60418.1
87005.4
89463.7
89773.1
82272.4
90559
118821
83519.8
98742.6
80696.6
90702.2
94408.8
88020.1
88744
85784.5
89907.4
62192.4
66293.1
81890.7
91151.3
88244.8
91348.4
85584.7
87159
91327.6
92860.7
65558.9
89761.2
90399.4
83300.9
86458
90479.2
93041.5
91414.8
82270.3
113566
80684.7
77646.3
92187.7
90423.6
92621.9
76461.1
85092.7
88496.7
91387
60509.5
89085.6
108026
90311.1
93322.3
65333.7
86825.4
91706.5
89606.1
91738.7
87967.6
90249.7
88296.5
87705.8
89985.3
90291.4
88080.8
68442.4
68148.7
89196.6
102820
86519.2
67881.4
79376.4
82554.5
90852.6
86409.4
95422.1
84514.8
70359.6
89951.7
89498.3
90862.5
95731.2
91380.8
116790
74687.4
85227.7
68200.7
95662
82362.2
63096
87805.7
64594.2
100212
90383.9
71368.5
93650.5
90680.5
99772.4
69261
87755.9
82134.8
72925.2
98595.6
92313.2
87903
89075.7
73254.6
84027.8
89511.5
93333.8
91302.7
86692.1
93047.1
92026.7
92146.4
95918.4
67573.3
84859.7
92403.5
81619.9
90566.3
91693.8
89502.6
88951.6
77827.4
85413.6
94495
78701
78874.7
78259.1
91154.7
117642
77081.3
87531.1
92947.1
92190.7
91022.4
84192.4
86710.4
86444.3
89296.6
86621.6
92808.9
88874.5
91617.6
87908.7
72687
92150.9
88955.6
95323.8
96600.8
91636.2
88768.1
92634.1
95739.4
62409.6
90432
99735.6
76327.7
92324.2
90827.9
89119.5
78198.3
88902.8
66374.6
89437.6
95311.9
82890
87291.1
89246.4
85374.3
88751.6
71487.3
91486
61574.3
86038.9
89498.1
79204.9
61268.7
89776.6
91990.4
88673.3
92201.6
85141.4
74446.4
92230.9
89682.2
94864
93895.4
93539
86072.9
92325.8
61952.4
91441.6
86846.4
92252.3
89569.3
101240
90043.3
93762.4
94540.4
72468.6
88746.1
85133.3
92250.2
89704.2
94551.5
96079.6
93785.8
90730
91585.5
90413.8
90069.5
87943.2
89028.1
67040.2
87916.7
93554.5
72339.4
90796.5
114422
77841.5
93589.2
83266.1
88373.4
76220.9
63279.5
74079
93470.7
93935.4
94590.3
65919.8
81576.9
92790.1
89536.5
94233.6
92531.2
85776.8
93375.7
79431.2
89118
68523.7
93115.8
94354.6
93823.9
82806.6
94402
116005
93511.9
96032.2
96642.3
108524
95800.1
108641
87413.5
91148.5
87930.8
92231.3
66783.5
97441.2
88267.9
87567.2
89837.2
90773.2
87508.1
86747.1
92336.1
81199.3
90566
94705.7
85694.3
90717.4
85065.4
89758.8
88131
90421.1
90362.7
67591.7
87344.4
63837.2
91248.9
117660
83379.9
88605
88843.4
89424.3
100411
87338.2
98577.2
98305.4
68943.3
93300.4
94867.9
87307.6
88272.3
93981
85099.7
85622.2
89600
86573.1
63422.5
96828.6
93160.6
90054.9
89989.3
77323.4
90394.6
67640.3
77189.7
91084.7
85873.4
107927
91711.7
80941.1
89428.3
82294.3
92202.4
88353.2
91310.2
96283.1
88876.5
67391
90311.7
92403
107360
91288.2
90215.8
79914.8
89457.5
95035.9
80865.8
82562.6
60276.3
91856.5
90226.7
85058.7
93560.4
81197.8
88632.7
64046.5
63092
81330.1
95627.8
92341.8
68249.8
92034.3
83445.3
77349.4
64663.4
89799
66363.5
80898.3
90801
93119.4
108240
97155.7
97379.2
89419.4
76346.3
88449.8
86731.2
118532
92191.6
92076.4
95369.5
96295.3
84965.8
93220.9
73056
87405.3
91589.8
95947.9
89191
84671.2
94203
65785.4
92996.6
71305.7
98208.6
93067.7
87465
89731.6
89849.1
91678.5
66987.3
91673
89379
80297.4
90795.5
93652.7
88468.8
87004.2
92406.1
60332.7
66629.2
91587.1
89168.4
85784.9
95767.9
100014
64159.6
94603
93448.6
91681.6
91382
65744.5
91140.2
87333.7
78186
87073.7
90660.1
93623.9
73180.3
89654.4
91649.5
91058.6
72205.6
71281.8
86457
88038.3
88247
85904.9
86246.9
80098.9
94182.9
105167
69735.8
90082.7
90355.5
94932.2
78895.5
62379.2
87371
90493
95831.6
85362.1
91437
95548.9
91892.9
60172.3
94681
85259.4
89640.8
91111.7
90818.8
95540.4
89829.5
93013
92778.1
79535.5
93215.3
91363.8
88648.4
87503.8
97344.1
78122.7
95094.7
96461.9
76581.6
63195.1
89827.7
92651.6
85701.6
110898
75053.9
91348.3
92679.5
87003
89536.9
92134.5
104206
91538.8
92706.7
64389.6
91606.3
76243.6
78898.2
96921.2
90720.8
87613.3
88247.7
93872.3
97636.2
88466.2
60104.3
86739.8
91013.8
94461.2
93206.6
95974.6
85821
93166.5
98529.4
69740.7
94626.8
90673.2
91180.7
90224.2
91787.4
89063.2
81584.4
92243.6
64050
61143.7
97823.7
80754.2
99919
89443.7
89291.7
84918.9
86987.3
91537.2
94008.5
91940.2
93456.4
95334.2
94141
97003.5
87964.4
95127
87059.4
93365
84516
88184.8
89733.8
74580.4
92200
92034
89326
85499
85158.9
90916.4
88546.1
78370.8
60275.1
97534.5
91267.7
91124.2
86894.1
74061.7
93269
86634.5
89608.7
96216.9
89607.3
91404.5
87468.5
87894.8
91524.4
90802.6
98699.5
87939.2
96656.5
93722.9
87871.3
70417.5
91807.9
90405.1
88628.7
94887.8
72258
69164
69735.8
87689.8
117873
94595.6
89211.3
93067.4
90788.5
116786
91140
68299
91432.8
91202.4
80993.3
71686.2
82126.6
90755.9
74502.2
61615.2
87560.5
85503.2
74597.9
91921.1
92937.7
91957.5
88673.6
90897.6
84891.7
87264.8
65704.3
76101.2
94657.1
72003.7
70392.5
91958.4
92454.9
93593.1
96587.5
90358.7
60902.5
74818.5
86439.6
88698.7
94390.6
90993.3
81661.8
96821.8
96990.7
89987.9
112487
90802
87658.8
90798.8
92459.7
89542.3
92181.7
86596.1
108677
88558.9
63994.5
65821.3
90972.9
94817.9
95926.2
87817.6
86041.9
89224.8
93873.8
97673.1
89696.3
92026.9
92862.6
89331.7
95627.4
89261.1
82291.5
91301.6
72388.4
95520
91622.8
89463.1
88031.7
74344.7
70748.4
88570.6
89745.8
81817.8
92294.1
87722.1
88533.5
93554.9
97539.6
87710.4
93035.8
90164.6
88662.5
87891.1
87980.8
90518
96139.9
85977.1
66707
78910.6
87488.3
91260.4
82737.5
66805.2
71476.9
86227.3
68162.3
106403
100740
88926.9
68150.1
91622.7
90905.5
95183.7
92036.3
85368.8
90131.4
105513
86960.3
88249.1
88562.5
69969.9
108757
89904
93987.6
85070.7
92773.5
86723.9
81775.7
73625.6
87000.2
91901.7
89675.6
96999.1
94103.3
72664
113904
64464.5
91430.4
86986.4
91963
90870.5
79183.5
90250.2
91478.1
88925.2
95476.7
90354.8
87505.2
89787
91040.5
89076.1
87424
93568.6
76747.7
91771.3
87743.9
99470.3
63462.9
107554
63700
96734.3
68390.1
89139.7
89013.7
83202.6
82898.8
91087
88556.8
89671.7
63938.7
90005.9
84499.1
91151.9
90290.8
93241.9
84483.7
93812.6
106001
84583.5
84380.7
97356.5
84133.4
68458.1
88521.1
87909.9
90109.1
84727
82332.5
74345.2
85817
89994.6
91000.3
61605.3
94924.8
93225.7
90153.9
71164.6
91080.8
88959.4
94267.2
88586.3
88737.1
92063.6
91047.8
113822
89783.7
102422
87402.1
69564.9
87972.3
89161.7
93019.2
93139.6
64726.4
89660.5
84302.4
95992.2
87807.9
65405.4
83000.8
90259.5
89693.4
95375.8
93254
66027.7
80162.7
90622.7
62840.3
62071.5
90892.6
90497
92208.9
61815.3
87044
91101.5
94156.6
92148.2
87428.2
93285
85790.7
75455.5
91158.4
79990
108953
79117.5
74716
67284.1
93135
94940.8
78207.8
86703.9
99389.6
89342.8
98986.2
60456.3
91775.2
87193.1
69511.6
62597.7
82319.7
87315.4
92108.6
71378.5
90182.3
67018.2
61403.3
94468.4
86770.3
91347
88761.5
87460.3
90657.2
89934.4
92505.7
96757.6
64543.3
104475
91848.3
72437.8
107700
91273.7
91169.5
89997.2
90162.9
87247
93007.6
94793.2
84377.6
80881
93189
101311
86844.5
104119
94602.9
69995.5
90406.1
60042.9
95146.4
116341
88604.5
62401.1
90034
76816.5
88859
116732
92536.2
95833.8
92353.1
93154.3
94839.5
92667.7
97143.1
84348.4
90118.1
72729.6
93896.1
88429
81501
61232.9
93003.1
60702.6
92051.8
60944.8
91873.3
92368.1
89071.6
90556.8
91711.2
93167.5
103647
80814.4
89477.4
94752.5
87257.7
88826.7
93404.1
88797.4
63233.9
89945.7
84146.8
62300.2
87055.9
88600.6
87283.8
76193
70242.9
93642.6
98724.5
94839.3
91829
91966.2
78639.2
94809.2
91042.4
89417.6
88576.1
76580.9
93063.8
91214.9
66683.5
93381.8
62725.3
85883.1
62560.3
60420.7
103252
108520
92597.4
88596.6
91450.6
65096.7
91208.2
85164.7
89885.6
90507.3
91386.4
88290.5
91838.8
84427.9
88323.6
87394.5
66302.4
98867.6
89322.1
92437.5
102937
98441.1
89166.4
95474.7
95128.7
88314.1
92156.9
94177.9
77297.8
89264.6
117784
90917.2
84036.3
75910.6
67010.8
82887.4
75518.3
93731.1
102371
92564.4
91462.3
87396
84900.4
90839
88938.5
92958.4
78424.8
88556.8
92355.8
63556.5
84268.1
86960.9
88070.8
93610
100877
83054.5
96657.6
89391.2
82863.8
89708
92783.5
92564.7
91074.7
92336.4
88325.5
94431.6
93984.3
93852.1
66084.9
63189.4
97551.9
92226.8
66154.3
87601
95224.3
89330.2
80469
90743.3
88137.2
98223.1
88624.5
91729.1
87566.2
93908.1
86091.3
84639.7
90100.4
62798.1
68343.9
86724.1
71475.8
85694.1
88790.9
89774.6
63238.9
67530.8
66272.8
89409.1
67725.8
89708.9
93743.7
90269.7
89962
88651.4
114058
79302.1
93022.4
84162.3
91499.5
88038.4
65095.4
71676.5
112996
90298.4
67360.5
88522.7
102622
86851.8
93751.9
87476.1
92278
93066.8
91113.8
89783.2
87335.5
92446.2
90882.7
88687.8
88156.8
99390.2
80154.5
75534.2
91431.5
104756
91696
94770.3
89735.4
95669.6
91282.5
89888.2
89777.8
67491.2
65096.2
104533
91963.2
88244.5
90948.9
100511
87958.4
93207.3
94480.5
74356.2
90511.4
90596.6
82095.4
88738.9
90809.2
88528
89419.4
93484.7
89101.1
89530.9
64206.1
94160.3
79012.9
61340
82337
89856
87841.9
88045.4
89003.9
92250.1
89310.1
76880.1
87179.3
62079.7
89551.7
85347.2
90616.5
85956.6
92212.8
88260.5
86103.6
87585
91203.8
87017.9
93352
86538
90292.6
92263.1
90471.3
89727.2
93905.8
90805.7
91816.8
89644.4
90990.1
66891.9
84287.9
92633.3
86975.4
89249.5
91570.2
109620
90736.4
92175.6
86931.3
67510.6
85161.5
89119.4
93726
90326
70239.9
91036.7
90068.4
66017.6
60922.8
68650.4
78790.8
103119
91587.1
91804
96688.9
86249.8
74045.2
90768.3
65205.8
89548.1
90822.4
80677.1
76711
100730
87976.9
97609.4
86473.5
71240.1
92420
93093.2
89626
93891.5
105576
88060.4
95052.3
77123
92101.7
95928.3
92530.5
98161.1
65306.7
89197
88534.9
90275.9
95642.8
89167.5
70772.5
91706.9
72686.3
72428.5
90425.4
91721.8
91399.9
88098
88699.5
61971.9
90604.3
88451.1
78585.3
87301.5
92934.8
88524.3
63234.1
87793.6
92230.2
92188
61430.7
89266
81234.7
84597.1
91414.1
95911.6
89295.4
86194.4
88718.5
90442.4
65959
95233.4
89368.7
91703.3
93330.4
62209.8
86158.8
94585.2
92975.5
106048
95094.8
90448
90240.5
95404.9
90766.4
87352.9
87279.6
94005.5
91058.6
71819.1
89663.1
91934.2
97229.5
91230.2
101333
107895
83314.7
92260.9
82332.9
92543.1
93871
91463.4
80459.8
71825.7
79921.6
97988.8
88869.8
91463.3
81851.7
92620.5
87396.6
97455.9
76042.5
91226.5
61782.1
91960
87536.5
81858.2
69962
96030.3
87642.1
90531.2
73810
85611
89034.9
78488.7
90622
85621.6
86427.9
91916.1
92713.8
92439.5
92099.2
100051
90319.1
94974.3
73475.2
86571
90169.9
90747
74709.8
96262.1
91242.4
88501.6
87938.1
76189
90124.2
91332.5
102285
106704
93943.6
63789.6
90665.3
67756.6
86372.4
92205.1
109682
92419.7
69680.3
87139.8
74686.2
84780
66009.7
92369.3
86829.6
82257.7
92963.4
93774.3
88022.2
91628.9
88395.4
88703.8
92762.8
91586.9
93971.2
75820.2
91146.7
88550.9
78755.5
85770
88699.6
109204
91864.5
88883.8
83452.7
108557
111597
74441.9
73704.5
98157
88235.9
93017.7
89856.6
88180.4
89938.1
81574.1
95365.3
76203.1
87392.6
88958
100929
90236.2
69510.7
90249.5
89407.4
87987.3
105661
67375.7
68509.9
89851.1
90233.6
65172
92729.3
87574.6
110456
91391.4
92587.9
75680.1
86519.6
88000.1
91595.1
89884.1
93221.7
99586.7
69919
92261.3
90762.8
91043.9
62443.6
87308.8
66011.5
86120.2
114777
89158.1
73007.4
90714.6
86053.8
89960.5
92923.3
91525.1
90521.7
88938.4
92266.7
68727.4
89134.9
91591.4
95537.9
96000
85943.7
78599.8
90432.9
99462.4
112319
92404.8
84173.7
94844
103603
86458.5
98937.5
94344.4
70648.7
86966.9
110216
88698.4
81833.4
97254.9
88254.7
64448.2
79460.8
90393.4
91340
71684.1
91147
87553.9
95066.8
91422.2
91084.9
75508.2
95387.8
92881.2
95703.5
88714.2
93817.4
90160.2
89551.1
83352.2
87356.9
90832.8
106301
91556.8
73581.4
90334.3
78629.5
90290
92952.5
66094.3
90949.9
115283
93018
91689.9
75449.7
89381.8
91826.4
89547.1
90979
91014.2
85371
61784.6
89053.8
89623.5
90645.8
93874
62570
92103.5
95101.8
93424.3
76998.7
95088.7
65126.2
91711.5
91872.2
99791.7
110965
91849.6
90276.7
90997.2
92288.2
97635.5
92174
90777.4
87822.1
87688.5
65123.7
89993.1
93294.6
68472.2
94227.4
96886.7
87946.4
90627.5
60621.4
89208.5
97642.2
87662.5
92400.3
64755.9
112162
74228.4
85846.5
87505.8
93305.5
86471.8
93266.9
67240.2
70008.4
85026.7
103130
88872.8
69351.6
90292.8
100222
76455.7
74074.2
63114.4
87108.1
70226.4
71126.1
70980.7
86143.7
66995.7
63175.4
98697.2
95396.6
93310.7
86685
93888.5
87550.4
89139.8
90132.3
70527.5
86081.5
88810.9
114673
67218.4
76881.2
92244
87563.8
68087.5
81908.3
75558.6
86880.5
93855.2
71469.8
65626.9
95173.8
91902.7
89764.9
90185.9
83953.8
84261.2
90217.6
61836.8
91064.8
87460.3
94228.5
90767.7
93072.7
103581
92834.6
79380.6
91448.6
65920.2
95209
72605
87442.8
89259.5
92057.6
92675.4
79272.9
94136
90570
91535.3
93064.4
90154.2
71662.1
83865.3
89861.9
85929.6
90586.3
90575.2
63885.5
94668.5
92848
89220.6
89081.3
88906.7
89259.4
79923.4
61148.2
88783.6
85794.6
90951.8
86573.2
75932.2
87521.5
87135
90536.6
85500
99517.1
89306.7
91151.4
92112.9
92346.7
91025.3
88794
86228.8
70271.3
90519.3
89845.7
73366.8
87551.2
89456.9
93477.7
117336
86760.6
68416.1
89879.6
92472.4
92728.2
92223.3
91640.6
91856.3
92960.2
97375.1
92592.2
85801.3
85088.5
88905
88257.1
88353.3
91539.2
62902.4
65433.5
87312.6
73232.2
65781
60970.9
113830
94988.6
94244.6
92446.6
90448.8
89799.2
63239
87443.5
90970.1
96840
89570.7
88055.7
93162.3
88909
88182
93235.5
70791.8
82804.9
93278.2
87963.3
86529
90100.9
78780.1
89085.9
92076.9
82898.7
91827.9
101721
70113
95937.4
86771.3
91823.6
84875.6
67669.6
94278.9
91149.9
92693.1
94212.8
90488
89152.4
88535
97789.5
95181.1
83325.9
93765.6
92780.7
64747.2
94355.3
75812.3
93289.4
78270.6
73922.8
90388.4
90853.2
90748.1
96922.8
94818.4
93246.5
80784.4
89508.4
63551.9
93069.4
92029.3
90348.6
81669.2
64784.6
77065.7
93416.9
81778.9
86902.4
89916.4
92704.7
64772.2
85182.2
93919.6
82744.4
91637.9
95153.6
95496.7
111703
94685
90860.4
94491.4
110130
90489.4
84469.3
91980.2
68738.9
84236.4
91601.4
93785.1
95528.7
64153.7
90865.9
86922
68329.5
91240.8
92147.3
66088.8
92266.7
93193.9
86323.1
88233.7
88120.9
64522.6
84823.6
68151.7
81126.2
82260.7
64484.8
78395.4
77685.7
78658.1
70376.3
91366
94401.5
88104.4
94253.4
91505.3
68371
88493.1
89250.9
80403.6
91160.4
90613.3
106170
94362.1
96065
92900.6
95401.9
94634.6
83810.8
89404.1
92251.3
87077.4
76220.6
89092.4
88480
90556.1
91813.1
92087.7
72002.9
89319.5
89121.9
99693.7
92378
83545.1
98869.8
71164.9
89126
91512.3
90401.4
91589.8
89828.2
89651.9
92207.7
92439.2
91892.4
62477.4
86342
96517.1
85619
85623.1
92156.4
96918.7
85348.1
81678.8
88851.5
79909.4
73823.5
82960.3
95310.4
91750.5
87833.3
88950.9
85654.4
78926.5
71081.7
90670.3
90582.3
95330.7
91737.2
81006.8
92559.1
88268.3
83748.7
86600.6
92639.4
63153.4
87268
91745.3
64560.2
94920.2
91036.5
88768.7
77903.5
108645
89991.9
96761.2
61918.9
92133.5
63056.2
91719.1
89450.5
86864.1
84148.8
86471.2
91430.1
92821.6
92426.7
91472.5
97151.9
105550
89263
91818.4
90149.2
92376.4
90996
82737
77359.6
94410
91094.2
61213.5
88263.2
87698.1
102409
86953.3
76344.5
91505.9
92681.2
67890.8
89231.1
87901.7
88870.6
87496
95975.5
64704.4
92914.7
64259.6
84688
92937.2
69208.8
90890.3
87460
75110.9
108638
94382.2
88241.6
90547
111550
90068.7
68687
90848.4
110208
89234.4
91936.4
66798.4
92913.2
90275.8
111123
90594.3
85772.8
92037.1
69499.4
93325.6
66346.1
92925.7
101968
91548.4
83643.8
88720.2
100233
91189.9
96807
93981.6
96993.8
86679.2
88624.3
88628.2
85432
67493.8
97892
68182.9
76776.9
86775.7
87347.9
88168.6
92461.9
63380.9
96936.5
87585.5
90168.2
92762.8
81466.7
92990.4
92994.1
90325.6
82874.9
97741.6
88004.7
89373
67656.5
71927.2
76483.6
88532
87307.9
89001.6
89131.4
73311.6
63325
72654.8
89774.5
72282
88564.9
63365
66297.8
90724.1
77154
71332.5
67402.3
89713.2
95993.1
91177.6
87731.5
92347.8
88945.5
92443.3
90550.5
105561
90079.8
94959.2
87933.5
89377.2
91005.1
89130.8
66705.5
93660.2
91930.2
84591.9
79467.5
79878.1
84544.3
88033.4
85458.5
89266.8
91992.9
87311.2
88846.8
62060.5
82830.7
103761
95870.1
81432.3
92910.7
81206.6
83448.5
78076.8
95193.4
90687
63734.9
96029.3
92587.8
80746.7
97850.8
93161.9
76775.3
90684
90390.9
90956.5
64293.2
86559
90775.6
60379.9
88307.2
92098.8
71122.9
90623
90525.6
88513.8
65571.8
89666.3
89014.9
99184.8
64300.1
83599.4
60844.4
90931.1
89673
90131.8
73794.8
90074.2
91401.8
91101.3
77654.8
91006.6
79808.8
89215.8
70675.8
93842.8
93101.6
93612.8
84156.8
93921
89768.5
105435
92885.5
87991.2
88493.5
98814
87180.3
72904
85751.4
93615.4
92048.9
83056.2
105927
92721.3
75743.9
61656.9
92890.5
92841.3
89652.5
90274.5
88961
92036.4
71755.1
89764.4
93108.8
67683.3
90959
73988.5
83281.3
89579.7
89136.9
104970
81366.5
97638.9
88410.8
91376.5
62797.9
93550.4
85449
95047.1
91454.4
61228
66610.5
79000.1
82908.4
88845.4
68451.9
72749.1
93965.4
88999.3
89353.9
93135
79052
91489.8
101267
66669.6
63848.6
87145.6
86378.8
84197.3
85514.9
68935.5
86734.6
102815
99754
79123.6
65740.2
87255.8
93391.8
90026
90179.8
88188.3
85144
90811.4
90946.8
94672.2
90556.6
88687
89502.1
80183.4
93075
115608
93776.5
91206.8
86055.5
60269.3
92686.2
89691.1
104876
80588.3
66524.2
86119.7
91037.9
92388.1
88022.3
83498.4
75094
90116.9
92700.2
89774.9
89638.1
92331.1
91107.7
93312.2
87385.9
84392.8
89180.8
83168.7
84651.6
91568.2
89164.2
91801.7
89436.7
91669.2
103172
87866.2
76641.3
93868.9
86352.7
60120.8
98032
63486.3
90669.1
85884.8
93903.9
80578.5
96740.7
85690.9
62445.4
84503.7
89148.1
68521.9
88370.9
61828
91444.5
85595.1
94115.9
94147.1
91975.2
89138
94516
93779.9
92200.8
90925.8
92534.5
91716.1
98686
85906.5
94639.9
90418.3
87145.7
64373.1
88716.1
89347.3
84877.9
91239.5
66127.8
100850
93798
88101.2
95533.7
85888.5
78012.2
87031.2
93532.8
88455.1
91084.1
91891.6
90725.9
94281.9
87078.3
82132.2
74232
68273.5
91996.1
88368.8
92167.3
91497.2
60204.5
92228.2
93051.4
81832.9
91840.6
88510.7
101547
75099
89855.2
89423.5
69424.3
92688.5
84894.9
89831.4
91148
97769.4
73685.3
79594.2
81928.8
95318.8
85611.6
66408.2
92368.4
66930.5
69625.6
114315
74562.3
93880
74751.7
85512.1
95362.3
105084
66086.4
110854
87871.8
92529.6
91154.6
92164.7
103014
90302.4
93905
93554.1
90735.2
89443
84079
90950.7
98986.1
65826.4
82775
73760.9
91821.7
97973.1
91983.4
91221
100760
90687.2
94930.6
88380.1
91185.5
62307.2
104446
92722.3
62372
81199.5
93509.4
88180.9
91415.1
100340
90300.3
94245.3
110127
91241.3
74183.4
77861
84299.3
77819.9
78838.5
105946
87876.9
78073.8
92173.5
90547.5
81899.6
88725.4
88584.2
68182
85756
98811.6
86128
93582.2
78982.7
87868.2
71330.1
92780.8
89122.6
90511.9
89691.6
88396.6
89741.4
92391.8
90671.4
92079.3
60239
89273
90175.1
71854.3
89166.4
92343.2
89383
79586.8
92460.7
67282
89506.9
78951.7
92789.5
88936.4
62459.3
94198.2
93343.3
67417.1
91412.2
88814.4
77419.2
91817.5
86127.4
90078
93530.3
93380.8
94722.1
85879.1
86244.8
91959.9
93214.1
92775.1
92231.7
61512.7
63070.7
89359.4
89342.8
89349
81136.1
71047.3
96672.9
77420.9
67675.2
72136.3
92408.7
61855.8
84944
93687
95737.5
66224.7
65645.2
89986.4
92625
73219
92838.7
72398.2
87855.5
98783.3
119869
88267.1
88892.5
62691.4
66864.2
82262.6
84648.8
92215.6
82743.7
87586.2
100239
88826.8
93434.9
60138.2
94857.4
90714.6
91259.4
87837.1
67308
74228.9
93942.8
89465.7
88853.4
73659.6
90886.4
89334.9
93673.7
62870
90369.5
85580
88945.4
68335.3
90699
68716.8
86975.8
94366.7
87631.3
92552.3
64232.5
92438.5
87382.1
86671.5
76322.9
75719.4
91916.7
89014.8
89853.3
89369
93837.1
94603.7
87276.2
91899.3
88995.2
92795
86821.3
63552.6
90868.1
93440.6
90497.6
88780.1
88624.5
101580
92844.2
88638.8
88191.8
71103.4
103295
91153.1
90555.4
93236.5
90092.9
90566.4
85796.3
89029.7
90802.2
100217
87778.2
82484.9
83629.4
89520.8
96352.3
70159.5
110295
93131.7
92276.5
89975.8
93491.6
86640.6
80049.3
86318.5
90015
107650
105124
113189
79807.4
74548.8
95419.9
93233.1
64498.2
90272.2
93598.8
84468.5
93899.8
90400.2
91805.3
79250.6
68622.8
90121.7
88539.9
92438.4
89509.7
60190.8
91140.7
87934.2
85629.4
69179.4
85318.4
90157
92082.3
87938.7
98299.6
93392.1
96536.3
92224.3
93839
90071.7
102491
77353.3
89722
70737.5
85626.5
76606.5
87461.3
79059.6
67291.3
93284.6
90159.1
81662.3
87282.3
92236.3
91060.7
91147.8
91877.4
88665.8
89609.3
91721.6
72772.9
91206.1
65279.1
90466.7
97174.3
89929.5
95162.4
75175.3
90650.9
88258.4
60125.8
90015.4
93600.1
91427.7
89474.6
90827.6
77707.8
88252.3
89162.2
83431.3
65118.6
60524.8
90819.3
85225.6
85255.2
88980.6
93651.1
90033.3
87325.9
88709.9
79205.7
92278.1
93644.3
91345.6
84663.1
72662.3
84427.5
98041.3
88096.4
93580.2
90292
93050.2
92122.4
92394.9
88500.5
88746.8
85151.4
84788.9
90249.3
79739.2
91021.3
87257.8
87474
89765.7
91437.3
85999.1
93832.4
82371.3
89582.6
88792
91635.6
66558.6
89437
88942.7
66245.2
89743.8
84061.9
90115.6
92272.1
92847.8
91417.7
91971
92085.2
88065.7
93442.3
91953.4
84950.9
92184.2
88680.5
90216.4
89883.1
90617.2
64732
85162
71042
91985.2
77769.5
89828.2
73495.6
90513.3
91641.7
94963.7
110237
88576.7
91772.4
89586
94409.2
66157.6
64108.1
88303.7
90506.8
75888.9
93389.2
90844.9
94274
90308.6
62221.9
92590.9
69121.9
84297.6
91347.8
62246.9
111027
91808
86804.6
77726.5
87992.8
93966.9
97834.8
92468.8
84460.7
69104.9
111700
95334.3
92680.6
89985.9
88636.5
92927.7
86755
90413.3
93741.6
76488.9
91884.1
91285.4
90674.9
88253.4
91134.4
88617.8
90224.8
66043.1
88903.4
90671.7
86200.4
91369.9
90184.9
92553.2
80677.3
68400.5
89440.9
88089.2
95476.4
91568.6
89419.9
94325.4
87061
84783.7
92588
87122.5
92820.2
94606.4
89282.2
93286.9
108328
107435
94074
94272.1
91975.8
81534.5
92534.1
88824.8
94878.2
68735.8
88560
83755.4
91755.6
63550.2
91230.3
91391.6
91321.4
92669.1
91464
91330.4
96438.9
89693.9
80496.5
81530.1
93756.6
91876.2
64858.5
91831.4
90419.6
105763
91038.2
90458.5
91904.6
77152.1
79182.5
91362
74131.1
96093.2
87092.8
88766.7
75391.3
95219.4
75032
87939.7
92811.6
60394.6
90630.9
88545.4
102041
63480.8
91425.8
78347.3
60277.1
73047.6
88367.1
95405.1
93391.7
92443.5
67367.9
92771.5
86766.9
69256.7
91290.5
77881.9
89570.7
95201.1
89256.3
88876.9
91727.7
90680.3
71469.8
85901.6
64456.2
95811
95135.9
90657.4
93022.1
86923.9
92244.1
87756.7
87942.7
60887.7
89928.6
101717
91567
105327
61537.8
87576.7
94288.1
91662.7
91747
91789.4
90910.3
97735.7
98512.9
89519.8
91339.4
89752.3
91973.9
90271.7
90452.6
87201.6
95321.4
93667.8
90307.2
87596.8
92769
85560.1
76467.6
88144.7
86373.7
63173
87750.4
85036.2
84680.3
74724.1
90630.8
90625
88337.9
94354
88489.8
92596.4
66479.7
86634.2
94277.6
88556.6
90805.1
89880.7
92592.3
62510.4
69468.8
77151.7
84653.3
92663
90702.3
96677
70309
74299.7
91462.1
61255.8
82902.3
91615.3
86164.4
93847.9
69680.5
90186.1
93125.1
84836
92716
89068.2
63861.2
94411.8
97268.5
90843.4
88287.6
77573.1
82481.6
88627.9
92090
88798.9
84928.7
87859
89195.6
91991.6
86804.9
85934.3
86810.4
89770.3
93548.3
92903
78688.1
90748.7
92213.5
61674.6
66161.4
91624.3
82805.1
89462.9
78531
95125.3
93703.3
62214.3
88221.3
69137.5
94367.6
92827.3
91708.5
83714.2
90128.6
91311
94834.2
94124.3
90730.9
62222.7
80081.2
65006.5
80068.9
88777.3
90372.9
94169.4
84207.8
94968
83875
82483.7
90508.5
95083.3
89712.7
86619.4
91801.6
93382.3
89318.3
85391.4
90137.7
93290.6
86045.3
92366.3
89038.2
89193.7
89017.4
77881.5
96448.2
81515
90416.1
91282.8
88712.4
102450
91733.7
83711.2
95987
82236.4
60484.5
116882
70804.8
80630.4
81802.6
90465.8
92549.3
88840.2
95308
91776
89563.7
99178.1
90005.4
67480.2
95791.1
94268.4
89430.1
74970.1
70409.9
95951.3
85420.1
97418.9
92065.9
69862.3
78659.2
94690
116537
81631.7
61068
90611.8
70567.6
101944
90133.8
64774.9
73520.2
92311
90325.6
75101.1
107686
91768
87548.7
63669.1
86674.6
87979.5
98583.9
89947.2
106509
79770.2
89848.3
91471.6
90238.6
82487.8
107648
92025.3
93652.4
106590
100299
91512.2
89490.5
92960.5
85828.2
93580.3
76679.7
92608.1
89750.4
66645.2
86723.1
89731.8
90252.7
91104.5
95136.1
87275.3
91376.9
74233.4
96178.4
88472.4
104848
115285
67018
87481.2
60121.2
91976.2
72434.5
90904.3
87844.3
90410.5
69379.7
94711.9
62496.8
81700.1
86317.1
62840.8
84050.1
62923
62640.1
83361.1
84393.7
88495.5
86224.7
91843.6
75773.4
96886.9
71050.8
87900.9
90552.3
65184.7
89128
90910.1
92179.5
81117.1
67198.4
103468
92394.4
85348.9
90591.1
87393
90215.8
86936.1
65933.5
89941.9
68726.4
87017.1
94028.2
60869.4
90799.5
86208.4
91881.9
91446.6
79676.6
93072.1
92148.1
89475.6
93566.5
78858.5
90565.9
103990
90822.2
90162
70277
92837.7
87318.5
88748.6
90330.8
90646.3
87752.2
63508.9
101008
76383
86611
116508
90119.2
90942.6
61869.9
91653.5
79722.1
89629.1
87571.4
64922.6
91907.2
79811.2
87993.6
92868.2
87104.4
88239.7
91057.8
88317.2
87804.4
85173.8
82118.8
92409.4
87051.1
70756.4
72804.6
105991
88734.2
88209.2
91995.9
84636.6
88625.4
91572.1
95314.4
64342.4
71977
90700.1
92673.4
84596
97762.8
95828.6
91995.1
90682.7
105295
94717.3
87277.4
89650.5
85734.7
95187.3
108339
89647.9
68755
91708.7
109093
87266.7
87793.3
88556
84274.8
92177
87825.5
88287.5
91989.1
82044
84401.3
83034.6
94426.6
60284
81950.1
98250.8
69120.5
71612.6
89709.7
90758.5
86838
118481
97246.2
87531.7
91240.9
91848.6
91255.7
92072.1
85907.5
83495.5
80637.6
86525.8
93717
94620.1
86131
91609.5
83821.6
65801.6
91699.6
96824.6
90847.6
90471.6
89057
91455.2
67244.3
77532.2
101145
80936.9
90453.2
90920.6
90160.6
92136.6
75181.3
64243.9
77999.6
91543.6
70027.9
90473.8
88952
61241
78673
91280.9
94450
88811.7
75780.5
86293.9
88954
101243
76252.9
88656.4
60003.6
88523.9
95540.6
77706.9
93550.1
88905.8
90045.8
88915
90928.1
74717.6
90965.7
61825.8
65394.4
64556.1
83021.2
84856.8
88236.4
85914.9
87413.5
87236.5
95535.4
90401.1
77572.4
63475.7
83741.2
81617.6
74381.2
95679.5
94526.3
91929.6
91976.1
86721.9
91349.8
89015.4
92154.3
71885.2
104654
88715.1
90080.7
62995.4
91334.4
84904.7
80483.4
95849.2
93534
83649.3
82984.7
91355.3
74966.9
87908.9
80884.9
81900.4
94296.8
64663.8
62762.7
61186.2
91863.6
90461.3
71750.5
84668.5
88010.2
63742.7
82306.8
62956.5
84430.7
92307.8
85883
98389.8
73928.2
101425
84469.8
88224.9
99165.8
90790.4
91343
84617.1
65148.8
89033.6
90605.8
71807.3
88161.1
79977.1
81308.3
93565.5
102216
95320.1
91256.5
91745.1
91238.1
89981.9
104729
90182.5
89867.5
97214.5
60216.6
61406.6
94730.8
70335.4
108291
79791.7
85234.4
92178.3
75235.6
63183.5
89318.3
116039
87010.8
90960.4
89057.9
91163.7
87071
85920.5
90354.9
66264
91388.2
87564
80770.1
106104
82755.6
93289.3
94844.6
89063.5
82880
89295.7
74279.7
72825.9
92511.6
93401.7
102336
95160.4
92573.3
89619.5
64152.4
75740
91352.8
85697.7
90170.8
91958
118524
85437.8
91254.4
93916.5
90675
88467.8
87447.7
92944
88230.4
89877.8
78715.8
69401.9
99881.5
90595.9
70358.4
91695.2
88019.3
65502.6
88198.1
90781
60307
92699
91123.4
80456.3
93718.5
110950
90498.9
88139.8
110919
90656.2
64382.4
90982
93484.8
98419.3
89592.9
96178.5
95580.9
93127.2
78518.2
88644.7
60555
90567.6
73728.8
93003.1
91718.2
95436.2
87881
89795.1
66603.1
89973.8
82981.3
87504
66714.6
84454.3
87651.2
88872
91646.4
90740.7
88935.2
87442.4
78097.3
87881.7
87847.5
91007.2
87836.6
90876.8
91314.9
81754.9
91548.1
62303.1
79741.4
89385.6
93672.4
66126.2
85181.1
91555.8
60800.1
92114.8
94646.8
86975.8
70835.8
86876.5
91240.4
62704.6
91309.2
102842
85780.9
84894.6
118240
93481.2
75004.5
83777
63305.3
89309
89500.3
73359.9
93026.8
77663.1
87872.7
89280.3
64977
92286.5
91459.9
61718.4
89184.5
92089.2
101147
63788.2
90504.6
81227.2
92200.8
87904.4
89384.8
98362.4
104699
91105.9
91904.4
90882.3
92433
97842.9
92459.7
88626.3
91258.7
63025.5
68370.9
91025.4
92332.4
87415
87417.6
79750.5
93315.8
86553.8
108428
92939.4
93627.7
93427.9
89129.4
90468.4
94145.9
88359.6
75318.8
74019.6
93074.7
88240.2
90619
92099.8
85305.4
85096.5
87621.3
92016.7
94645.7
88325.9
93389.9
89116
89930.2
86946.8
80842.1
88791.8
88692.2
76001.9
84499.1
89720.4
89647.5
91856
92206.7
91643
66826.6
72635.8
73569.9
88900.5
94174
92995.5
90065.5
91144.8
104400
116980
92262.3
91676.7
80081.2
74781.8
81182.1
84244.5
95687.5
89771.7
89427.9
95486.2
90508
91779.1
92479
86261.4
89416.4
85745.9
73181.1
90104.8
85010.3
78175.8
91223.8
69610
88595.9
92024.2
60341
78132.6
115259
92385.5
61907
92902.1
91845
83084.7
65452.9
90354.4
86088.4
74660.5
61341.1
84834.6
91942.1
94064
84399.5
88792
86855.1
93382
88333.9
68323.4
69348.4
64612.3
90830.5
71377.4
91515.5
91496.3
83293.3
81790.5
89201.1
89208.3
91753.5
76100.8
114528
67450.4
66379.5
89169.8
86387.5
83803.1
95961.8
62279
70858.3
65177.6
84484
79459.8
82866.5
72508.6
91411.8
89637
90466.2
90993.8
89626.6
85403.3
88349
89606.8
62409.5
88663.7
72976.6
119136
93633.4
92711.9
90998.8
88785.8
92435.6
92340.4
91607.3
65181.2
90046
87747.8
79096.7
63885.9
90013.6
82488.4
60729.4
92449.3
87182.4
91588.4
99669.8
79316.4
92265.5
81121.7
66377
91663.8
91015.8
63119.4
89449.3
74093.8
90666.3
90965.9
67362.4
91971.8
90338.6
92714.8
90374.3
91393.3
90663.3
77745.2
72316.9
90862.2
91213.8
89837.4
91861.7
93832.2
92523
92709.9
69025.5
89661
63585.2
66165.5
89302
94260.9
89375.5
67574.4
88138.1
86709.9
93142
63367.8
92966.1
92288.8
91034.2
77192.6
86012.2
91330.9
92594.4
89115.1
96053.2
60312.7
91348.1
74999.7
92778.9
66576.1
90072.7
91165.8
92707
89841.1
86569.1
93373.8
86973.5
92086.5
88176.9
90702.4
72277.1
84585.9
64694.8
85489.8
65876.8
90073.4
79671.9
99149.8
90123.3
87341.5
79408.2
89645.7
80667.5
94392.5
85757.8
89851
64562.2
75299.1
90095.1
86178.1
61419.8
89947.4
86254.5
86813.2
91451.7
90420.2
92066.7
92503.3
89567.3
62360.1
96210.4
107382
79224.2
90173.3
99593.9
101355
91654.1
64277.2
73474.2
92614.8
89649.2
88907.6
97166
88981.9
96201.8
95415.7
86979.2
89528.3
91353
78873.6
89349.3
91489.4
72455.7
94458.7
60502.3
90347.9
75077.1
60957.7
97408.7
101245
91094.4
89902.8
95964.5
88019.7
90584.9
89103.7
61861.5
89748.1
65637.5
97130.8
85360.5
93419
83355.2
89403.3
66682.3
90250.5
91330.8
109472
80024.6
89329.2
90713.2
93836.4
89872.1
91074.5
89131.9
92203.7
86957.1
89640.7
87275.3
84147.3
91995.5
97237.9
92802.3
94932.4
88705.4
78104.1
89802
89967.9
94194
64700.5
82731.6
78425.7
75551.5
89418.8
91517.8
95984.4
98050.9
62250.6
85394.7
89922.3
87088.6
95843.9
92427.6
86977.4
80321.3
108509
94468.6
69929
90140.9
107440
94492.2
91767.2
88747.5
93313.7
85443.7
103598
84955.3
93017.2
69305.2
86720.4
87097.6
89963.6
88594
89558.4
90008
86645
87907.9
87608.6
83969.3
88975.3
92528.6
91892.6
85158.8
88822.8
87605.9
64690.4
87945.5
91747.6
86795.6
92063.5
75186.3
95295.8
81450
82797.8
96020.6
88471.1
95869.6
69670
83425.2
94296.1
69534.3
90840.6
88070.6
90100.3
90482.3
92246
65737
60895.7
87478
87195.9
88138.6
91112.3
88059.2
97325.9
93958.6
95274.7
94172.5
103082
91590.6
90135.4
93469.4
64563.5
89396.7
90380.5
89807.8
89353.2
99511.7
103339
90252.5
91319.8
85496.8
82614
86076.4
95370
89510.9
102934
88974.8
88786.6
65426.5
92268.9
96203.6
66642.2
91208.4
90125.5
101459
102089
87196.4
104525
92271.9
85074.7
88000.2
92063.9
88857.9
100246
94102.5
88944.8
89630
92747.4
61123.6
70532
92184.4
94071.8
90297.7
93199.6
92343.5
106583
95717.8
95034
93781.1
106952
80332.9
87622.7
87410.2
89945.3
94936.3
90216.9
91756.1
113086
90434.8
92191.7
82183.2
93945.5
75902.8
86240.4
62413.9
60708.1
90587.8
92858.5
89253.6
87869.1
90860.2
71228.9
62317.2
92102.5
89414.4
89333.3
90547.5
90545.2
88525.4
75020
85084.8
91192.5
90361.5
91468.1
70947.4
91515.4
62454.7
87505.6
86247.9
94258.7
92581.5
63249
63702.2
90793.6
65491.4
87671.1
90667.1
88526.1
92890.6
89925.8
87916.3
84129.2
74217.8
90435.1
90984.4
97713.9
91972.3
72291.2
82850.7
94481.5
89151.7
84490.8
63899.5
90052.2
92128.9
88632
88541.9
91687.7
89190.9
86056.4
91327.5
61755.5
78159.6
91459.1
62712.5
91808.8
88670.1
81382.1
85931.9
100427
89753
91467.3
91319.9
92344.1
65956.1
91896.5
69138.8
92014.2
86850
62263.8
94918.1
112453
90057.9
68445.6
71728.8
89052.8
79757.1
60104.3
91418.3
78076.7
89072
86032
88821.1
90820.8
91347
93305.4
90197.9
64721.1
97311.4
88083.8
89596.6
95889.4
91548.1
72107.8
91149.6
92560
89780
88991.5
88688.3
88311.4
84802.6
65907.8
93544
94137
71732.1
89695
86946
90773.3
90450.6
87438.5
90558.8
88685.3
92363.9
93594.2
92077.8
62973.5
92199.1
61404.9
91980.4
110745
94964.2
91885.5
85408.1
90798.9
86593.8
93304.8
92461.3
89458.4
88899.7
95770.8
110075
88640.9
109105
95599.9
88006.1
90375
91795.9
94316
90470
80754.2
88667.3
91539.1
84435
88084
90721
90451.7
96056.4
89431.7
63782.8
90633.3
93354.6
90304.7
82474.7
90934.4
89158.8
114330
100507
89982.6
89074.6
108351
86050.2
104518
87150.3
87767.8
93098.9
68281.7
83728.5
89415.2
91741.2
93427.7
115675
96342.9
60916.3
103364
89619.8
88815
73883.4
89507.6
101194
84351.8
68399.1
79615.6
75282
90351.6
88871.3
94197.5
89456.8
79184.4
92253
90096.6
109727
84518.7
63335
88992.1
85075
89201.8
95178.4
107029
89106.7
83142.9
102830
94548
90752.2
74654.6
88258.9
91326.5
94037.4
77667.8
88460.6
88351.6
105563
66779.5
74362.1
98335
105242
91225.3
88400.9
87952.1
90272.1
77647.5
83785.3
89173.8
90065
89511.8
92661.5
90321.8
91680.4
91499.2
92669.7
94627.2
93865.1
86528.6
75813.4
89350
94218.2
62333.9
91561.1
84787.1
82456.1
84018.3
96945.7
91768.5
92525.5
88674
93345.1
91422.5
90296.9
92273.9
88887.2
94777.1
96682.4
90005.2
90322
69239.2
98786.8
87284.1
87092.2
88923.8
77534.4
88746.1
62436
80540.6
75276.5
92499.9
84103.2
93922.6
85696
93277.6
89989.1
84486.9
87069
93146.1
66047.4
95699.8
94909
83036.1
84440.2
87365.6
78675.8
94242.1
88628.4
92097.7
94902.6
60485
78527.2
76010.8
92204.7
90051.2
93770.7
89510.2
91238.2
70510.5
89431.7
92739.1
92216.8
90818.1
91831.9
89135.7
115416
90222.7
102767
91300.4
87493.6
101833
68949.9
94379.5
85700
91681.9
97530.4
91773.4
74475.8
62649.2
86904.7
91352.7
65441.7
80726.6
91420
62246.9
89165.8
60341.4
83145.6
70587.1
80185.2
63350.8
85099.5
87215.1
95230
93681.1
93370.9
110195
88582.4
62118.9
70322.4
72236.8
82864
89578.3
91017.6
93852
90890.6
85935.6
116215
62320.4
91195.7
88024.1
79877.8
93959.5
88501.4
91327.6
80137.2
79520.3
98982.8
64889.3
93424.7
92403.9
79602
90318
90827
85624.9
85733.5
82482.9
88812.3
82270.9
71258.8
89551.3
88133.1
63735.4
92906.2
90150.1
89808.6
64255.5
111509
90855.4
89038.9
90837.7
88407.5
92332.4
91387.4
74263.8
88944.5
68998.2
90559
92334.8
99232.1
93928.7
88570.8
95290.9
69165.1
87708.8
92520
88351.9
92041.4
93013.8
93691.6
90872.9
91700.1
88687.8
77231.5
76486.1
90295.5
90892.3
84089.2
69002
90832.9
95750
91261.9
90851.9
91903.6
89964.4
96774.5
91837.7
92648.9
106996
88646.8
91279.2
86643.1
99414.9
89501.4
92582.2
95790.6
86949.4
90602.4
111776
83474.8
66230.6
88180.2
92872.7
94969.4
91731
96924.4
90391.6
97126.3
90643.9
90513.3
79735.7
67962.7
90109.9
93353.9
111847
89886.3
74166.9
61753.3
75197.4
82333.6
93689.6
88705.9
92613.1
62117.7
91818.3
87898.5
110771
92925.2
83115.2
75464.1
102356
63204.6
90410.9
86035.2
91931
62860
89396.1
98582.5
86445.8
95225.7
93411.9
99018.4
95111.4
111036
91874.1
91931.4
88682.4
91779.1
90531
70057.1
91426.2
98152.3
83564
93655
89850.3
72526.1
62980.3
63680.7
69933.2
91352.2
62886
84521.1
91122.6
67929.4
89766
92006.2
82217.7
92655.5
104775
62717.7
78218.4
81885.3
95142.5
92491.5
60406.5
96221
87168.8
68465.1
90062.7
91280.6
95255.5
61968.2
78316.7
86785.8
90908.1
88210
93335.1
88495
90652.6
92196.9
89441.7
92374.9
85817.9
94446.5
96688.7
87761.4
78372.3
84633.6
93846
95258.7
89024.7
96710.2
69474.1
108744
95564.7
84029.2
87686.1
91144.4
66767.4
82677
90384.5
90961.2
104327
88803.1
93070.7
89995.6
81307.1
87451.9
91292.8
91848.3
92054.2
92609.5
95446.7
92417.5
91620
91848.4
85559.1
90175.5
90135.6
91260.4
97675.3
113458
94131.9
96148.3
91121.3
92531.1
93703
90721.9
91198.2
87532.9
89035
108724
61171.6
93736.6
88363.8
102086
88630.3
89817.5
88216.7
88859.3
80247.8
92745.9
65927.8
103083
61540.9
80756.7
61444.5
64965.2
83259.1
68433.1
89265.5
100950
86675.5
66217.8
92844.8
91500.9
94643.4
93050
88747.9
91002.5
95320
84658.4
76466.6
112884
89710.6
91186.3
88697.6
90684.4
87112.2
91859.4
72611.9
91857.4
92230.5
91316.8
92926.7
64291.8
89806
90239.9
90733
98315.8
95127.9
60763.1
91909.8
80936.4
80754.8
91614.3
88011
93796.4
89117.6
92093.5
83152.6
92022.3
92440.9
87910
65185.3
82842.9
93076.1
60312.1
112074
85921.3
93918.6
70315.6
62236.6
60120.1
91842.2
80058.9
88869.4
73998
92057.4
86956.5
94420.7
94277.3
68851.1
91239.9
93919.5
92393.2
95231.3
91757.7
88406.3
88071.9
92871.8
92382
93106.2
77275.4
81902.7
92128.7
80149.7
87845
96079.7
92008.1
64039.5
85532.6
94056.8
88584.8
90581.5
112076
90540.8
86140.2
89080.8
91832
95309.1
91326.2
83758.9
89872.2
86778.8
86920.4
91454.6
90858.4
93803.6
93034.5
73399.1
65216.7
88846.4
90120.1
81704.8
92136
86930.2
66491
92521.8
87995.1
64206.1
91444.3
85987.1
89939.6
91907
89165
64362.3
89384.3
91605.1
88220.7
91080.4
91530.2
106922
85426.1
88017.4
89344
90477.8
91215
90018
119642
89968.5
90989.7
83575.2
73144.2
90208.6
84427.7
88882.4
82512.1
92603.6
92793.3
88843.1
89825.6
92876.5
94136.4
82506.7
93538.2
88119.7
92550.4
89410.3
96235
97211
82093.4
62973.1
86951.9
104758
90687.7
95348.5
88843.7
93662
88234.8
73232.1
90342.3
92301.2
91037.4
85163.3
93455
90506.8
94317.1
93117.3
87365.3
93064.4
93461.4
92481.3
61243.4
91785
89146.5
90031.5
91133.5
86210.3
66491.6
86938.5
87624.6
93402.4
61040.8
89467.8
93831.7
70079.3
92839
85442.9
88736.8
61088.5
89122.8
92757.3
80219.9
93615.2
90590.6
88212.9
92646.5
90735.2
72744.1
92330.2
72204.6
95081.4
76381.9
89013.8
88744.9
88812.7
90297.5
94112.9
104396
90664.5
78833.6
79456.2
94115.1
86875.5
95967.5
97533.6
71458.4
107106
82628.4
88975.7
93552.5
62544.4
88519.5
88415.1
96586
67373
61988.8
68099.1
86444.7
95887.7
95366.1
88378.3
90565.5
95019.4
87520
90144.8
86869
91020.7
89026.5
94046.4
91617.7
92369.9
89880.7
88156.1
95928.6
93566.7
84180.6
88385.1
116729
95666.1
113924
118783
92771.1
90427.4
91998.3
90085.3
89609.3
91990.1
93954
92448.2
93067.4
88182.6
90387.3
89797.8
90451.1
87402.6
60483.1
89757.5
80583.3
93652.5
60848.6
95641.6
67779.1
92080.4
87991
94724.3
88391.8
98168.8
70313.9
91419
72647.4
88080.8
91499.1
90171.8
92377.4
67220.1
88972.5
88085.9
85017.7
93348.9
63209.3
78006.3
91479.2
60459
83393.3
91944.4
89094.9
92032.9
94113.9
65508.7
91709.8
89391.9
87921.7
87407.3
91744.5
87545.3
89810.9
63971.3
88300.8
78064.1
62059.8
74997.9
88828.9
89482.6
84707.9
88849.9
72509.6
63125.2
80211.4
85168.1
88271.3
67372.6
94727.8
95353.5
92551.7
82142.5
84238
91861
88195.5
106228
100482
90639.3
94857.9
94385
77078.5
91824.1
88522.2
92630.6
88327.2
83459.3
106160
97940.1
88802.6
60526.5
93507.2
92680.5
90509.1
89592.9
82383.5
91798.7
70435.9
84651.3
89328.4
75912.2
94239.6
89264.2
90309.1
85315
71008.1
87199.7
116161
93330.1
90999.3
90229.7
90203.1
77998.9
89739.4
108845
90663.7
87598.4
92384.1
95810.2
95504.2
87283.5
76521.5
89246.6
60363.8
67986.8
60336.2
91557.7
90501.4
86165.6
90770.7
83519.4
86930.9
96372.8
113060
97684.7
91417.9
72008
91282.2
90214.9
85314.7
88937
106228
87969.9
92641
89710.9
76776.1
66727
65165.5
85193.1
90602.7
82292.3
86019.5
83801.2
70637.9
87266.8
91920.6
91590.4
119264
65025.5
88597.1
64099.4
98195.9
64724
95796.4
108126
98300
64403.9
70053.7
89112.3
88697.1
84449.5
92992.9
91075.7
85859.2
89257.2
87264.6
87072.8
95519.5
89737.7
95541.8
110873
89500.2
89938.4
88947.4
88484.1
88500.9
62945.9
88853.5
65072.5
86121.6
96629.7
69294.1
94348.2
70572.9
90283.3
84777.6
91701.1
90556.8
89183.2
90369.6
90890.5
90818.3
93976.6
93285.7
97531.3
92498.7
91857
104247
89574.1
73645.6
89201.5
91054.3
90770.2
88962.3
89209.6
91166.1
91109.7
95957.2
87613.7
89248.4
92895.7
92292.1
86615.5
94437.5
98559.7
96408.4
80412.7
70369.4
73608.4
73307.4
85702.9
95904.1
90348.7
93524.6
93469.4
80634
95679.6
95293.8
91811.1
73427.2
71199.2
98285.7
96386.6
90610.9
88441.4
92738.9
96157.6
91773.2
61821.3
99386.3
106717
86905.3
78484.4
92318.2
86864.1
113909
113948
87791.8
84313.1
60133.9
98987
71892.9
96369.5
118376
80415.9
84960.5
94233.7
104901
92962
82916.4
91075
92720.2
76675.1
61116.8
83654.9
73082.7
90777.5
79869.6
95233.4
77093.9
90368.2
88307.4
111432
90145
86015.3
86396.9
91681.7
75315.2
67100.7
92628.2
60036.7
92277.9
71126
90901.1
85997.1
86538.2
92091.9
90939.4
87855.8
90504.9
86705.7
73924.8
91545.3
89039.1
64156.2
86277.9
88325.1
90943.6
95274.3
88896.7
85823.7
99313.2
88103.1
91277.8
91260.9
91909.6
89374.8
85893.7
101809
94143.5
92311.3
84415.7
90644.6
91933.2
63049.4
95328.3
91802.5
80367.5
91610.4
80949.4
88075.9
81652.2
80943.5
94316.8
86023.5
88795.9
62873.4
88944
72706
94210.3
92269
91007.6
90186
93512.2
93670.4
94439.3
89848.7
88771.9
90429.7
90030.4
87315.3
87422.4
64509
77234
94321.2
71224.1
81340.2
88714.9
91574.3
89080
65447.8
78845.8
89647.7
93789
106688
94633.5
92692.5
91815.8
85817.4
87719.8
85712
80437.8
88585.1
90865.1
65984
83252.6
92378.1
91081
80209.7
91435.4
96603.1
93187.4
65260
69719
91455.6
69528.2
80383.5
75340.3
89494.8
87294
90445.8
88890.6
88018.7
81607.5
77854
89899.3
96054.9
97711.3
90498.6
88884.2
91768.4
95991.4
87149.6
88968.4
70552.1
91284.5
89294.8
88847.1
88814.3
93095.2
101081
92358.2
91266.6
93671.3
91009.4
87842.2
87052.2
87765.3
93106.3
91399.4
92204.7
91576.8
91820.6
83602.8
92891.1
76770.7
72676.4
93077.6
87211.7
71312.9
63656.7
89918.4
84275.4
68981.4
62754.7
90180.7
91282.1
102085
89516.3
94034.4
95830
92435.1
88940.6
110814
89928.1
89350.4
90612.6
90888.1
91773.4
106642
94976.5
88891.7
104456
90531.3
92140.7
94291.7
88687
91326.9
87154.7
89776.4
91105.3
76531.9
68689
90165.6
62129.1
71343.6
89438.6
82343.5
85886.1
87462.8
92137.1
82771.3
72187.1
90078.1
65140.6
74940
92017.4
94051.5
81809.9
77856.2
73871
89661
83587.4
87628.3
96335.2
90151.5
83892.8
90979.8
94844.3
74971.3
77089.8
92052.8
94543.3
90503.4
87186.9
61267.7
90875.9
94500.6
83313.1
72111.2
95774.8
89417.3
91508.9
91135.6
78959.4
64957.9
92092.9
88032.5
79601.5
91003
116674
88127.8
91374.5
91785.3
89547.6
92606.2
94779
84068.2
89724.4
82722.2
100441
94792.3
89037.2
66115.3
83131.1
90906.4
88816.8
77654.6
83134
60052.8
83842.1
89990.7
82462.1
87641
90154
69198.3
111196
98842.4
89753.2
79953.9
62511.3
89673.9
114612
111827
98634.8
114702
90380.4
83713.8
89177.9
93293.9
79630.7
91629.7
92304.7
85588.9
86550.2
96003.1
113699
87965.5
92629.4
94521.9
94786.7
89179.1
113801
91855.8
87795
64459.7
105240
93685.7
75423.5
85985.6
94996.4
90075.8
90531.6
93165.6
61973.8
79495.3
60470.8
91884.6
87007.7
67890.1
102552
92020.8
69127.3
97328.8
85741.2
80717
87764.2
90402.9
88971
104503
60507.5
67396.5
61420.9
89721.4
91502.1
105408
89984.8
99730.5
88381.6
69141.6
91078.9
93837.3
74832.3
89956.5
90729.7
62810.4
87966.3
91066.1
64495.2
104612
68203
87293.1
87122
93812.7
80338.1
91248.1
92575.2
89591.8
90812.5
95740.9
61397.3
92705.2
93696.4
61391.5
91491.5
87230.9
90390.5
72899.4
77591.4
96977.5
79691.7
87423.9
63559.4
70879.6
80698.6
88577.2
91961.3
90776.8
90312.2
74920.4
91674.6
87359.3
92997.5
91541.3
90468.6
90602.3
90230.1
78926.9
96383.5
90019.1
91598.9
102642
92694.2
89426.8
89362.1
93868.5
85663.6
60990.4
89252.6
90011.2
94206.9
91643.7
90327.3
86520.6
91303.9
62994.6
93461.6
108007
94619.8
94692.5
81127.8
73052.4
93156.5
89012.6
90102.9
92211.6
91091.1
77680.7
92909.5
92112
83550.1
70556.4
95548.6
65619.9
77828.5
91271.9
87744.9
63421
90023.8
63224.1
92338.1
81689
94611
87313.9
91327.9
91123.9
93159
88614.7
66113.3
62687.5
76674
89833.3
71791.1
93553.3
61102.4
75385.1
90300.3
61432.9
84415.9
114537
86234.3
94541.8
89389.1
88610.9
90748.5
89860.8
87450.7
85677.9
85871.9
117643
90283.6
90240.1
93732.6
102926
87773.1
87239.6
93704.8
88433.6
61819.9
91560.5
62318
90434.6
90219
94935.2
93301
71579.5
88286.2
100252
89987.3
77591.8
92409.1
97449.3
77633.8
66639.6
63351.9
73559.7
77363.8
88247.5
61571.5
88720.5
86368.8
76168.4
90483
107945
84940.9
68258.7
88763.7
85339.6
90946.6
90074
92385.8
89505.8
92933.2
89307.5
112411
90083.2
87663.4
74643.2
87664.5
91555.7
92675.5
92505.8
70917.5
91030.7
88933.9
91155.6
89272.9
62299.5
88802.9
94388.7
88248.9
85130.3
93454.7
90578.2
77296.2
80643.7
93232.5
67149.4
64792
111285
70255.4
82551.8
75212.8
66011.3
99238.7
81888.2
89861.6
92189
71948
89323.8
88032.1
90367.6
90282.1
93221.4
95636.1
93252
80025.1
84863.2
88000.4
92340.6
100582
88490.6
98256.8
90187.9
84087.9
90553
63807.2
89057
87092.6
89973.5
91597.8
88963.9
89455.9
88622.9
89505.8
63851.7
94048.9
90407.3
71137.3
91097.5
88662
90082.5
97517.6
90543.2
98134
109572
63172.4
93857.3
92475.1
93135.6
73520.7
89876.8
87235.6
89198.7
92049.8
93697.1
84241
97027.8
90476.4
91828
91646.4
88017.6
85604
73784.7
86840.9
82104
72479.6
90288.6
101999
89839.7
92968.1
67836.9
91111.7
94376.8
91932.6
88568.5
98559.4
84080.9
107061
90991.8
66754
89010.4
92407.2
91198.8
77806.9
89683.6
71191.2
93555.6
93328.3
97254.9
93117.9
68977.8
63114.3
92661.7
64557.1
92114.1
90457.6
90120.5
95569.7
64719.5
87707.1
103488
84213.4
93726.5
76840.2
92442.2
68065.8
92628.7
89474.7
88005.8
83908.4
88585.7
91841.2
95477.7
94103.3
94284.8
90934.6
83894.7
97151.5
76907.8
78974.2
89525.4
88007.2
86765.3
89739.9
96442.3
91613.8
85424.1
87567.1
78192.9
74035.4
94160.9
87968
94085.1
88609.5
93718.4
88319.2
93533
92453.5
90642
89664
85927.5
93303.3
90840.5
65769.8
90404.5
88606.5
92920.8
106561
91350.3
95523.6
109182
60033.7
92694.7
88765.3
89410.2
75337.9
93174.4
87300.5
88308.7
90639.9
94388.5
90388.9
94155
76992.5
86628.5
89184.2
72873.6
82476.5
89231.4
89786.5
70813.9
89664
92388.4
111829
94706.4
81663.9
118634
94583.4
90193.4
87601.5
93694.6
86418.9
92666.6
90593.2
69092.5
90788.2
61733.3
91718.2
61366
63201.7
68286.4
92906.9
88108.3
88069.9
85654.9
91740.3
69218.2
117394
93309.5
85655.4
89585.2
88161.9
89287.6
89499.3
95204.1
94107.6
91717.7
90162.2
63852.3
87296.1
115595
78177.3
91332
91242.6
93098.1
69719.6
90706
66393.3
89955.7
84332.1
97011.1
89763.7
90769.7
90838.2
91234.7
88824.4
88481.6
73300.3
89416.8
92059
91085.3
82131.1
92905
104649
82511.8
74004
66256.1
74740.8
92071.2
86848.2
61053
89607.5
63492.1
95299.1
92406.7
91864.4
96630.1
88860.8
62008.7
76483.1
92841.2
91046.6
90857.3
96308.5
107998
94190.3
92807.4
90041.2
90651
91595.2
96048.9
91533
91495.6
114058
70908.4
87526.1
66474.6
96569.2
77817.4
93858.1
60539.3
92554.6
91583.9
81513.7
89024.7
88551.1
94249.4
92555.7
84324.8
95468.7
106423
98404.5
88023.5
73362
66142
87423.9
90967.9
85672.1
109659
82737.7
89138.6
88381.2
90134.9
92576.1
90325.8
93321.8
65541.3
90899.2
93052.4
87769.1
93376.9
93035.3
93115.6
94319.6
86620.5
92948
92434
66810.6
73805.7
90699.1
90698.7
91505.4
93749.4
89728.4
92216.4
71208.3
86702.4
88304.6
92365.8
89696.4
62409.6
117308
79796.9
92856.3
89279.1
100264
81904.6
86159
91502.9
84376.1
106708
90173.5
89453.3
85790.5
89615.5
95001.4
87187.5
89991.7
84955.5
89767.8
87034.2
88084.3
91332.3
91732.5
88721.2
97634.9
89769.1
89931.6
87331.5
89921.5
101863
90857
90881.4
117303
92394.5
71655.5
85562
88843.6
100137
96000.9
94200.6
90370.3
90178.3
90589.9
60081.4
90518.8
93384
92541.9
92949.1
83065.2
84205.9
87781.1
104640
94913.8
96570
90858.7
86355.2
84223.4
90217.9
77303.2
93473.6
86651.1
88573
96763.4
86852
90876.1
86827.6
87238.1
91676.8
92117.1
91136.5
89749.4
90138.1
88003
111601
91706.4
62443.4
73256.9
88347.3
66946
61496.2
88805.1
91881.9
86129.5
92078.4
80162.6
92840.4
66351.9
94204.5
98669.5
89116.3
93285.2
71307.6
96366.2
85990.8
91183.7
93581.9
77560.9
91059.7
74607.4
66870.2
90020.1
99704.2
94836.9
82441.6
93398.1
91857.9
89968
91630.1
62074.9
97014.1
95865.8
93275.5
100304
60621.2
93671.8
86044.5
78154.7
94170.1
88077.4
69286.9
96544.8
93121.2
79669.7
87493.6
91723
81488.1
89595.3
90637.5
81007.8
90036.4
88768.4
74559.2
85875.4
88842.2
73690.3
92559.3
61681.6
92970.7
89789.6
88828.4
98843.5
92826
85065.1
93388.8
87356
60164.4
93539.8
76702.5
106741
116459
100941
92616.2
91466
91868.4
91551.9
66979.7
89247.3
89849.1
83918.2
103464
93045.9
88280
91985
60576.4
80463.7
90284.8
91105.5
70766.4
63376.6
64469.1
89597
89640.9
87100.1
111359
63582
93567.7
89603.7
74048.4
93078.9
98242.7
90034.8
92545.5
91721.7
90871.6
90790.7
89146.3
90306.4
91167.7
88251.3
88850.1
88264.3
76999.4
70805.8
86531.6
90188.1
84219.8
92738.9
75813.1
89469.2
92998.3
87608.7
105194
89288.1
91024.2
69612.2
90284.9
90375.8
90607.5
86756.6
92395.2
94250.7
91081
88876.9
87749
90284.5
90839.3
83871.6
117682
91055.4
93676.6
68688.1
92141.5
80482.6
64846.9
100726
71472.5
62910.4
77335.8
94073
81304
94088.9
90219.1
88137.7
75658.5
91975
83569.1
88261.4
60415.7
92050
72476.1
90942.8
93479.6
85019.6
94734
97542.9
88542.4
80433.8
95119.7
106952
86867.5
66498
69136.6
60569.5
88854
89765.6
64485.1
88328.8
84435
92655.5
97308.2
87230.4
66256
90201
92851.4
92490.4
90809.3
91351.8
94784.9
78075.2
92369.5
83920
87795.8
90097.6
95432.4
78628
100700
94943.2
88732.4
78040.7
91292.7
86756.9
93790.3
91720.5
62203.9
88410.7
87425.2
66902.5
87964
87918.7
60249.4
64874.6
89888.8
87057.1
90981.5
90985
88711.1
90646
95809.9
93266.5
77688.5
64383.6
90203.7
69986.6
94388.1
93042.8
86053.8
91308.9
87687.4
88348.2
60917
82760.9
89216.2
91646.7
81384.2
90814.5
95386.9
96336.7
92923.1
92455.3
92746.7
88586.5
60468.2
70121.7
91306.3
119044
89461.4
65743
99515.9
85178
77071.4
62612.2
85282.9
84524.7
97686.6
84118.5
77319.9
68726
88897.9
90906.3
63066.7
90231
90043.7
92611.7
61599.4
82741.3
81246
90199.8
87888.6
91183.8
92165.7
87584.1
88710.5
91777.1
87370.5
87517
92459.3
74285.3
72972.4
91057.3
105524
86135.5
91456
93418
65660
72629
93536.6
77559.8
89253.7
88555.3
64354.1
94103.4
89229
90931.6
69806.1
86451
89615.1
92212.7
85717.4
77103.5
85761.6
79880.5
94694.6
88594.3
96281.6
82512.2
96735.4
91339.1
63364.8
90585.7
84552.3
92517.3
92483.7
88494.3
92445.1
65029
92361.1
97748.3
88193
93072.2
86302.4
92953.2
98916.9
98808.4
80756.4
66359.3
76338.5
60808.1
91629.8
79544.6
101939
65819
64133.7
93933.3
88086
69869.4
90054.9
88001.1
91918.7
95479.1
90123
95382.7
95188.4
93970.6
84285.9
92268.6
75764.8
89621.9
88199
87967.9
93310.9
87473.4
76845.3
84060.5
82807.7
89885.1
90783.2
69632.2
98952.9
89843.6
90021
83261.1
94586.7
91053.4
88436.6
91949.3
76218.4
92245.2
86049.1
91589
82505.2
81432.3
84968.5
89172.6
91474.5
90557.3
91088.8
90730.7
63496.4
88530.9
89758.7
71604.3
91265
96519.7
89755.2
91972.8
89128.4
92868.1
62035.1
90368.2
118325
86932.9
91897.7
80967.7
91562.2
94774.9
84653.4
94206.5
91189.2
84976.2
89124.3
92859
88460.5
74605.6
88116.7
86643.7
95002.2
88494
83225.1
94814
90193.4
92505.2
86257.6
90530.7
87207.6
80566.7
79665.3
95578.7
70541
90062.3
89239.7
88483
90258.3
91719.5
91554
95106.1
87166.1
89427
104779
90053.8
86850.6
67155
81625.8
85210.8
90926.9
62627.7
88925.5
62449
89224.6
112039
95766.2
89316.8
90208.4
74564.7
65317
88934.1
89382.8
94736.4
91650.1
89975.2
94194
63236.5
90960.8
92112.2
89550.9
94029.4
85021.3
92829.7
76872.9
85418.2
94179.2
92152.6
89585.2
92102
90979.9
89365.8
92421.2
95797.7
81835.4
92119.9
74595.8
84707.1
89139.4
90154.4
88324.7
89933.5
76133.4
97400.6
90867.3
86147.2
91354.4
65211.6
95856.3
89589.8
96870.9
74353.9
82315.9
75475.3
90771.2
98838.7
91636.5
91764.2
87231.7
89064.7
94974.5
88592.4
89762
91881.5
87167.6
97798.7
91762.3
85199.8
62353.2
89104.2
111371
102963
93831.4
100765
86824
60009.3
86462
63821.3
65167.2
83662.3
81956.3
104634
93040
97956.7
73811.6
88748.4
77933.3
95309.8
66540.7
100237
90635.3
64860.9
60436.8
101245
92223
76880
91484.4
89819.3
90751.3
92628.5
90177.9
94247.1
91012.5
63812.6
84494.8
89020.6
84402.2
71454.6
94387.6
92266.2
96741.1
94296.9
92003.2
74334.6
91127.4
90613.5
66739.8
86357.7
91358.3
88140.7
84969.7
90639.6
90747.3
89989.7
93403.8
60145.6
87167.6
91090.7
93429.6
90376
95028.9
62935.8
90532.5
85306.6
96278.3
70574.2
89690.7
94815.1
88882.3
101046
92568.4
91178.3
93702.1
68973.5
89509.6
65331.2
87172.1
60018.6
91560.9
98936
94112.7
66065
93663.3
80246.1
68215.8
77541.4
90656.3
92401.7
61642.8
60080.5
88439
88783
86528.5
87312.3
90415.7
64766.2
87399.5
88731.2
97183.1
92089
104132
91927.1
81514
88356.1
92186.3
64328.7
92090.3
80707.2
93083
89351.2
65295.6
87145.3
88556.8
64330
84191.5
89834.8
91643.4
86535.9
91204.6
71986.9
86639.8
94250.3
96970.4
92376.4
83955.6
89365.2
86552.5
89526.7
87700.2
80700.8
84846.6
86996.6
109282
89343.3
91897.7
81739.8
99292.6
60927.7
96412
67671.8
107012
90866.7
91331
62666.3
66943.4
91228.4
70003.8
71036.3
90412.4
65003.9
73989.1
76036.8
89676.7
107774
83405.7
94732.5
84790.3
63934.4
79361.5
89910.6
72218.8
91216.2
90684.7
92463.4
89957.8
75441.9
90469.1
92903.4
63021
92750.4
89313.9
61725.6
91546.7
94136.3
60694.7
93378.8
89883.6
78127.2
73982.5
89363.6
80999.9
94518.3
78625.9
91791.2
97219.2
92038.2
89973.4
93230.5
101135
90512.1
80422.8
92480.2
92151
89880.4
91687.4
86521.7
83338.7
73541.1
72935.4
70546.9
62240.6
106530
91536.3
90883.1
79600.2
92271.8
83660.4
107168
70483.6
71000.9
92103.7
95163.1
89744.5
92497.4
96440.1
81481.1
92040.1
86187.4
88317.4
86814.1
90008.8
89928
86517.7
93696.2
91273.6
109195
94074
100447
87051.6
95530.8
94326.8
91672.1
89386.9
87911.9
88573.6
74964.5
88519.9
70698.6
92122.9
86825.6
94326.7
93299.2
73793.7
92302
92084.7
89427.4
83310.3
90517.8
107174
88732.1
88584
87278.6
87216.4
96787.9
89381.4
98927.8
79259.9
77866.5
89478.8
78054.5
87899.6
92457.2
76817.7
94511
90017
88841.6
90999.5
91831
76501.2
90654.4
93013.7
60922.3
91686.8
72326.3
86458.5
91351.1
90324.1
91928.7
92183.4
99186.4
87836.6
83148.2
91632
91903.1
93473.9
81773.6
94081.9
84679.7
91014.7
87662.4
91224
92374.4
60557.5
87664.5
90038.4
64452.5
68048.5
91438.1
91714
86161.4
92676.5
62355.5
75283.6
92951.2
88762
88420
74321.1
79555.8
94019
91388.5
89407.2
93672.6
88525.1
89648.8
91671.8
89588.2
90452.9
64163.1
70136.8
78207.6
88327.5
63437.1
74019.5
90407.8
64269.3
95310
90431.6
80191
100677
90480
90990.4
69623.6
90450.5
95154.3
99498.3
62350.2
91605.5
89058
93445.1
64453.6
117834
91389.8
86551.9
93123.9
83533.7
89307.8
89575.5
74023.5
87883.1
93433.5
90190.1
89474.6
82641.4
91588.6
89371.8
90748.1
92414.1
69875.9
90101.6
84063.9
91576.7
90187.9
70589.4
89972.5
60060.3
91652.3
70805.9
91899.4
81837.8
94879.8
65719.3
88965.6
96509.8
93956.2
93264.8
89336
66876.7
87727
92154.2
88635.2
60926.8
91328.7
78221.1
87920.2
77285.3
84044.2
79188.6
67045.5
85868.8
92575.1
88547.8
90065.8
89440.5
93586.5
75348.4
92468.9
62939.3
92456.2
63581.1
63815.6
98923.1
83042.6
76061.7
88851.8
91112.9
98416.8
77969.8
107496
63538.8
95299.9
74683.4
80361.8
91430.7
92199.5
95974.5
92714.9
83795.5
91020.3
103577
80560
92184.5
77820.2
92639.8
90386.7
68974.6
92275.4
89674.6
91799.8
78195.9
90173.8
69710
60602.8
89901.6
81931.1
90607.3
91977.1
74018.1
97764.5
75533.3
91110.3
90871.6
79694.1
65874.9
88759.5
68786
92279.8
86248.9
62271
90391.2
84695.7
91359
92311.5
60049.3
94012.6
90088
85408.6
79596.5
73657.3
87449.4
91159.5
92392.7
89466.4
89235.3
65851.9
64120.6
85256.4
87026.2
61323.8
84010.1
65876
91441.6
91013.6
93403
88629.1
87774.1
90699.9
92888.9
85453.1
86779.1
90531
96993.5
63830.6
110307
90137.6
88922.4
94527.2
84936.8
85297.3
79939
95156.6
94306.6
88498.6
91077.5
92466
60236
64407.4
98659
78855
91919.2
60090.5
85887
69865.7
88496.7
92252.9
66621.6
84753.8
90816
92239.2
96631.6
94965.5
87911.1
92863.2
95807.9
88648.6
90866.1
67232
100310
88867.6
92167.9
89630.6
87585.6
93088.4
94258.9
90610
100179
93240.5
66812.9
90220.3
96258.3
89940.7
93889.6
91763.2
86500.7
89805.3
90621
75817.7
92344.7
89983.2
91287.5
89348.6
88477.4
82999.5
88627
88265.9
91405.8
92428.8
90460.5
62996.3
91989.4
91607.1
94132.4
73950.4
71351.7
74778.7
89257
97660.6
95234.1
95483.6
86295.3
95229.8
88228.2
82204.6
98696.5
88992.7
88793.8
63159
90702.6
71731.3
84085.3
84002.2
93809.6
90801.1
92557.8
87964.6
94699.8
92177.1
88565.8
73516.8
88653
78679.3
88319.7
92527.4
89096.9
89813.6
84983.7
92711.9
67610.4
91864.6
89476.2
87906.4
66045.9
84566.6
99051.8
71628.4
92883
76596.1
90483
87988.7
90820.4
94385.5
62079.5
83925.5
82887.4
89461.3
101988
94530.2
62274.5
97413.5
90314.1
86926.7
90211.4
75672.9
95827.7
88000
99899.7
85768.2
87447.3
88445.7
98124.4
93154.8
89179.2
88761.9
88209.8
91809.4
90973.9
89914.6
91590.5
91143.3
89505.4
86318.4
92758.4
85678.7
88948.8
88984.7
91509.7
88018.8
87977.2
94538.9
90465.8
87724.6
96805.8
85368.6
94230.2
87593
91714.4
89260
97474.9
79042.7
93071.2
92917.4
112586
92280.8
95354.5
68886.6
91996.3
88861.5
103691
87349.1
97706.6
62552.1
92773.8
62264
83054
92791.4
92818.3
90209.1
88756.3
74323.8
87633.5
91336.5
89421.8
87930.5
94279.3
72238
60010.6
99808.4
91201.9
93529.4
111293
90616.4
89340
88143.5
69758.3
69901.3
97967.4
94614.9
88349.7
92176.3
87560.7
94052.5
89668.4
89718.1
92534.1
60107.7
91530.3
66371.8
73958.3
93392.2
95181.9
61331.3
92301.3
91969.9
67921.9
91341.8
68086.8
103030
83389.9
87564.3
90782.5
99417.8
102357
88706.9
94189.1
98595.5
90035.4
117396
94250.2
71895.4
93242.6
92447.3
89695.2
91821.7
71308.3
91261.3
89386.3
88452.8
87821.5
91193.7
91746.7
85388.5
85020.2
78362.5
114936
91397.8
76787.2
86766.9
77852.2
90562.8
92162.4
85782.3
88818.4
90193.4
77088.9
71640.8
85485.5
89228.9
90976.9
86887.4
92381.6
77717.9
118814
91158
60942.3
86652.5
84531.3
90843.1
84925.4
90946.9
90285.4
107269
74752.2
86439.9
86824.8
95421.7
86449.3
91539
95932.5
87659.9
91670.4
86385.6
74691.4
85133.8
82710
86058.6
95596.1
85286.2
65517.2
98194.7
94404.2
87190.8
88948.7
86984
91339.2
91244.8
89575.8
95206.3
93065.8
63377.1
102596
89508.4
88028.1
66309.2
79267.7
82523.5
88027.6
85852.6
88340.8
91242.5
85578.6
90657.9
92850.7
87384.9
87576.3
87141.1
87255.4
87697.4
88714.9
93321.1
60956.9
65587.2
60468.9
83461.8
69814
91166.8
67328.7
63571.3
81942.7
84983.6
78850
84347.3
90296.3
92228.9
93186.1
85171.1
113856
95143.5
88232.9
90073.4
70599.7
102696
90466.5
91577.7
93988.8
91029.4
91507.3
74105.2
90472.3
60511.3
94262.7
62739.6
108520
91040
63533.2
86779.1
90860.4
108108
89396.8
98212
89840.2
87978.8
68215.9
63045.2
73665.9
89888.9
82620.9
87387.1
94018.7
78078.4
94237.2
92788.5
95741.6
91397.7
89700.1
88665.5
102772
60768.1
92786
95424.2
87192.7
69389
80498.2
88262.3
90300.2
93555.4
93203.3
91479.3
89837.6
89739.2
88386.6
90834.9
84421.7
84995.6
71635.3
